lolly: 1.29.1.0
@E=$000000;&;&93%01.80#92223086;@000000
@E=$000000;&;&93%01.80#92223086;@000000
@DD2022050406114604@E=$000010;M;01;@000000
000000;@DD2022050406114604;@
@E=$000010;M;01;@000010
@E=$000018;M;01;@000010
@E=$000018;M;01;@000018
@DD2022050406150004@D061504FADCFF31732@D063004FADCFF31702@D064504FADCFF316C2@D070004FADCFF31692@D071504FADCFF31672@D073004FADCFF31662@D074504FADCFF31652@D080004FADCFF31642@D081504FADCFF31632@D083004FADCFF31622@D084504FADCFF31612@D090004FADCFF31612@D091504FADCFF31622@DD2022050409300004@D093004FADCFF316A2@D094504FADCFF316B2@D100004FADCFF316B2@D101504FADCFF316B2@D103004FADCFF316A2@D104504FADCFF31692@D110004FADCFF31692@D111504FADCFF31682@D113004FADCFF31682@D114504FADCFF31682@D120004FADCFF31692@D121504FADCFF316B2@D123004FADCFF316B2@D124504FADCFF31722@D130004FADCFF31722@D131504FADCFF31712@D133004FADCFF31712@D134504FADCFF31712@D140004FADCFF31702@D141504FADCFF316E2@D143004FADCFF316E2@D144504FADCFF316E2@D150004FADCFF316E2@D151504FADCFF316D2@D153004FADCFF316C2@D154504FADCFF316B2@D160004FADCFF316A2@D161504FADCFF316A2@D163004FADCFF316A2@D164504FADCFF316A2@D170004FADCFF316A2@D171504FADCFF316A2@D173004FADCFF31692@D174504FADCFF31692@D180004FADCFF31692@D181504FADCFF31682@D183004FADCFF31692@D184504FADCFF31682@D190004FADCFF31682@D191504FADCFF31682@D193004FADCFF31682@D194504FADCFF31682@D200004FADCFF31682@D201504FADCFF31672@D203004FADCFF31672@D204504FADCFF31672@D210004FADCFF31672@D211504FADCFF31672@D213004FADCFF31672@D214504FADCFF31672@D220004FADCFF31662@D221504FADCFF31662@D223004FADCFF31662@D224504FADCFF31662@D230004FADCFF31662@D231504FADCFF31662@D233004FADCFF31662@D234504FADCFF31662@DD2022050500000004@D000004FADCFF31662@D001504FADCFF31662@D003004FADCFF31662@D004504FADCFF31662@D010004FADCFF31662@D011504FADCFF31662@D013004FADCFF31652@D014504FADCFF31652@D020004FADCFF31652@D021504FADCFF31652@D023004FADCFF31652@D024504FADCFF31652@D030004FADCFF31652@D031504FADCFF31652@D033004FADCFF31652@D034504FADCFF31642@D040004FADCFF31642@D041504FADCFF31652@D043004FADCFF31642@D044504FADCFF31652@D050004FADCFF31642@D051504FADCFF31642@D053004FADCFF31642@D054504FADCFF31642@D060004FADCFF31642@D061504FADCFF31642@D063004FADCFF31642@D064504FADCFF31642@D070004FADCFF31642@D071504FADCFF31642@D073004FADCFF31642@D074504FADCFF31642@D080004FADCFF31642@D081504FADCFF31672@D083004FADCFF31712@D084504FADCFF31712@D090004FADCFF31712@D091504FADCFF31712@D093004FADCFF31712@D094504FADCFF31712@D100004FADCFF31722@D101504FADCFF31732@D103004FADCFF31732@D104504FADCFF31732@D110004FADCFF31732@D111504FADCFF31752@D113004FADCFF31762@D114504FADCFF31752@D120004FADCFF31772@D121504FADCFF31782@D123004FADCFF317A2@D124504FADCFF317B2@D130004FADCFF317C2@D131504FADCFF317D2@D133004FADCFF317A2@D134504FADCFF317A2@D140004FADCFF317E2@D141504FADCFF31812@D143004FADCFF31822@D144504FADCFF31852@D150004FADCFF31882@D151504FADCFF318C2@D153004FADCFF318E2@D154504FADCFF318D2@D160004FADCFF31872@D161504FADCFF31802@D163004FADCFF31752@D164504FADCFF316F2@D170004FADCFF31682@D171504FADCFF31632@D173004FADCFF315F2@D174504FADCFF315B2@D180004FADCFF31582@D181504FADCFF31562@D183004FADCFF31542@D184504FADCFF31532@D190004FADCFF31522@D191504FADCFF314F2@D193004FADCFF314C2@D194504FADCFF31472@D200004FADCFF31412@D201504FADCFF31392@D203004FADCFF31322@D204504FADCFF312C2@D210004FADCFF31252@D211504FADCFF311C2@D213004FADCFF31132@D214504FADCFF310B2@D220004FADCFF31052@D221504FADCFF31002@D223004FADCFF30FB2@D224504FADCFF30F72@D230004FADCFF30F42@D231504FADCFF30F02@D233004FADCFF30EC2@D234504FADCFF30E92@DD2022050600000004@D000004FADCFF30E62@D001504FADCFF30E32@D003004FADCFF30E02@D004504FADCFF30DD2@D010004FADCFF30DB2@D011504FADCFF30E12@D013004FADCFF30E42@D014504FADCFF30E42@D020004FADCFF30E32@D021504FADCFF30E12@D023004FADCFF30DE2@D024504FADCFF30DB2@D030004FADCFF30D82@D031504FADCFF30D52@D033004FADCFF30D22@D034504FADCFF30CF2@D040004FADCFF30CC2@D041504FADCFF30C92@D043004FADCFF30C62@D044504FADCFF30C42@D050004FADCFF30C12@D051504FADCFF30BF2@D053004FADCFF30BE2@D054504FADCFF30BD2@D060004FADCFF30BC2@D061504FADCFF30BC2@D063004FADCFF30BC2@D064504FADCFF30BF2@D070004FADCFF30C22@D071504FADCFF30C72@D073004FADCFF30CD2@D074504FADCFF30D42@D080004FADCFF30DD2@D081504FADCFF30E72@D083004FADCFF30F32@D084504FADCFF30FF2@D090004FADCFF310A2@D091504FADCFF31172@D093004FADCFF31232@D094504FADCFF312F2@D100004FADCFF313C2@D101504FADCFF31482@D103004FADCFF31542@D104504FADCFF31612@D110004FADCFF316C2@D111504FADCFF31752@D113004FADCFF317F2@D114504FADCFF318A2@D120004FADCFF31942@D121504FADCFF319C2@D123004FADCFF31A32@D124504FADCFF31AB2@D130004FADCFF31B52@D131504FADCFF31BE2@D133004FADCFF31C72@D134504FADCFF31CE2@D140004FADCFF31D62@D141504FADCFF31DB2@D143004FADCFF31E12@D144504FADCFF31E62@D150004FADCFF31E82@D151504FADCFF31EA2@D153004FADCFF31EB2@D154504FADCFF31EB2@D160004FADCFF31EA2@D161504FADCFF31E92@D163004FADCFF31E82@D164504FADCFF31E72@D170004FADCFF31E72@D171504FADCFF31E52@D173004FADCFF31E22@D174504FADCFF31DE2@D180004FADCFF31D92@D181504FADCFF31D32@D183004FADCFF31CD2@D184504FADCFF31C72@D190004FADCFF31C12@D191504FADCFF31BB2@D193004FADCFF31AF2@D194504FADCFF31A82@D200004FADCFF31A12@D201504FADCFF319B2@D203004FADCFF31962@D204504FADCFF31902@D210004FADCFF318A2@D211504FADCFF31832@D213004FADCFF317D2@D214504FADCFF31782@D220004FADCFF31732@D221504FADCFF316E2@D223004FADCFF31692@D224504FADCFF31642@D230004FADCFF315F2@D231504FADCFF315A2@D233004FADCFF31552@D234504FADCFF31512@DD2022050700000004@D000004FADCFF314C2@D001504FADCFF31472@D003004FADCFF31432@D004504FADCFF313F2@D010004FADCFF313C2@D011504FADCFF313A2@D013004FADCFF31382@D014504FADCFF31362@D020004FADCFF31342@D021504FADCFF31332@D023004FADCFF31322@D024504FADCFF31302@D030004FADCFF312F2@D031504FADCFF312D2@D033004FADCFF312C2@D034504FADCFF312A2@D040004FADCFF31292@D041504FADCFF31272@D043004FADCFF31252@D044504FADCFF31232@D050004FADCFF31212@D051504FADCFF311E2@D053004FADCFF311C2@D054504FADCFF31182@D060004FADCFF31152@D061504FADCFF31122@D063004FADCFF310E2@D064504FADCFF310B2@D070004FADCFF31072@D071504FADCFF31032@D073004FADCFF31002@D074504FADCFF30FC2@D080004FADCFF30F92@D081504FADCFF30F72@D083004FADCFF30F52@D084504FADCFF30F32@D090004FADCFF30F12@D091504FADCFF30EE2@D093004FADCFF30EC2@D094504FADCFF30E82@D100004FADCFF30E52@D101504FADCFF30E32@D103004FADCFF30E22@D104504FADCFF30E22@D110004FADCFF30E12@D111504FADCFF30DF2@D113004FADCFF30DD2@D114504FADCFF30DC2@D120004FADCFF30DC2@D121504FADCFF30DD2@D123004FADCFF30DC2@D124504FADCFF30DB2@D130004FADCFF30DB2@D131504FADCFF30DA2@D133004FADCFF30DD2@D134504FADCFF30E32@D140004FADCFF30E92@D141504FADCFF31012@D143004FADCFF31082@D144504FADCFF310C2@D150004FADCFF31102@D151504FADCFF31132@D153004FADCFF31152@D154504FADCFF31172@D160004FADCFF311A2@D161504FADCFF311C2@D163004FADCFF311D2@D164504FADCFF311F2@D170004FADCFF31212@D171504FADCFF31242@D173004FADCFF31262@D174504FADCFF31292@D180004FADCFF312B2@D181504FADCFF312D2@D183004FADCFF312F2@D184504FADCFF31312@D190004FADCFF31332@D191504FADCFF31362@D193004FADCFF31382@D194504FADCFF313B2@D200004FADCFF313D2@D201504FADCFF313F2@D203004FADCFF31412@D204504FADCFF31422@D210004FADCFF31422@D211504FADCFF31422@D213004FADCFF31422@D214504FADCFF31422@D220004FADCFF31432@D221504FADCFF31432@D223004FADCFF31442@D224504FADCFF31452@D230004FADCFF31452@D231504FADCFF31442@D233004FADCFF31422@D234504FADCFF31412@DD2022050800000004@D000004FADCFF313F2@D001504FADCFF313E2@D003004FADCFF313D2@D004504FADCFF313C2@D010004FADCFF313C2@D011504FADCFF313B2@D013004FADCFF313A2@D014504FADCFF313A2@D020004FADCFF31392@D021504FADCFF31392@D023004FADCFF31392@D024504FADCFF31382@D030004FADCFF31382@D031504FADCFF31382@D033004FADCFF31372@D034504FADCFF31372@D040004FADCFF31372@D041504FADCFF31372@D043004FADCFF31372@D044504FADCFF31362@D050004FADCFF31362@D051504FADCFF31352@D053004FADCFF31352@D054504FADCFF31362@D060004FADCFF31352@D061504FADCFF31352@D063004FADCFF31352@D064504FADCFF31342@D070004FADCFF31342@D071504FADCFF31332@D073004FADCFF31322@D074504FADCFF31312@D080004FADCFF312F2@D081504FADCFF312D2@D083004FADCFF312B2@D084504FADCFF31282@D090004FADCFF31272@D091504FADCFF31252@D093004FADCFF31242@D094504FADCFF31222@D100004FADCFF31202@D101504FADCFF311E2@D103004FADCFF311B2@D104504FADCFF31192@D110004FADCFF31182@D111504FADCFF31162@D113004FADCFF31152@D114504FADCFF31132@D120004FADCFF31132@D121504FADCFF31122@D123004FADCFF31112@D124504FADCFF31102@D130004FADCFF31102@D131504FADCFF310F2@D133004FADCFF310E2@D134504FADCFF310E2@D140004FADCFF310D2@D141504FADCFF310D2@D143004FADCFF310D2@D144504FADCFF310C2@D150004FADCFF310C2@D151504FADCFF310C2@D153004FADCFF310B2@D154504FADCFF310B2@D160004FADCFF310B2@D161504FADCFF310B2@D163004FADCFF310B2@D164504FADCFF310A2@D170004FADCFF310B2@D171504FADCFF310A2@D173004FADCFF310A2@D174504FADCFF310A2@D180004FADCFF310A2@D181504FADCFF310A2@D183004FADCFF310B2@D184504FADCFF310A2@D190004FADCFF310B2@D191504FADCFF310B2@D193004FADCFF310B2@D194504FADCFF310B2@D200004FADCFF310B2@D201504FADCFF310C2@D203004FADCFF310C2@D204504FADCFF310C2@D210004FADCFF310C2@D211504FADCFF310C2@D213004FADCFF310C2@D214504FADCFF310C2@D220004FADCFF310D2@D221504FADCFF310D2@D223004FADCFF310D2@D224504FADCFF310D2@D230004FADCFF310D2@D231504FADCFF310D2@D233004FADCFF310E2@D234504FADCFF310E2@DD2022050900000004@D000004FADCFF310E2@D001504FADCFF310E2@D003004FADCFF310E2@D004504FADCFF310F2@D010004FADCFF310F2@D011504FADCFF310F2@D013004FADCFF310F2@D014504FADCFF31102@D020004FADCFF31102@D021504FADCFF31102@D023004FADCFF31102@D024504FADCFF31112@D030004FADCFF31112@D031504FADCFF31112@D033004FADCFF31112@D034504FADCFF31122@D040004FADCFF31112@D041504FADCFF31122@D043004FADCFF31122@D044504FADCFF31122@D050004FADCFF31122@D051504FADCFF31132@D053004FADCFF31132@D054504FADCFF31132@D060004FADCFF31142@D061504FADCFF31142@D063004FADCFF31142@D064504FADCFF31142@D070004FADCFF31142@D071504FADCFF31132@D073004FADCFF310E2@D074504FADCFF31092@D080004FADCFF31042@D081504FADCFF31002@D083004FADCFF30FC2@D084504FADCFF30F92@D090004FADCFF30F52@D091504FADCFF30F12@D093004FADCFF30ED2@D094504FADCFF30E92@D100004FADCFF30E42@D101504FADCFF30E02@D103004FADCFF30DC2@D104504FADCFF30D92@D110004FADCFF30DB2@D111504FADCFF30E22@D113004FADCFF30E62@D114504FADCFF30EA2@D120004FADCFF30EE2@D121504FADCFF30EF2@D123004FADCFF30ED2@D124504FADCFF30EB2@D130004FADCFF30EB2@D131504FADCFF30EA2@D133004FADCFF30EC2@D134504FADCFF30EE2@D140004FADCFF30F12@D141504FADCFF30F22@D143004FADCFF30F62@D144504FADCFF30FC2@D150004FADCFF310B2@D151504FADCFF311A2@D153004FADCFF31262@D154504FADCFF31302@D160004FADCFF31382@D161504FADCFF313F2@D163004FADCFF31452@D164504FADCFF314B2@D170004FADCFF314F2@D171504FADCFF31532@D173004FADCFF31562@D174504FADCFF31592@D180004FADCFF315B2@D181504FADCFF315E2@D183004FADCFF315F2@D184504FADCFF31612@D190004FADCFF31632@D191504FADCFF31652@D193004FADCFF31662@D194504FADCFF31682@D200004FADCFF316A2@D201504FADCFF316C2@D203004FADCFF316E2@D204504FADCFF31702@D210004FADCFF31712@D211504FADCFF31732@D213004FADCFF31752@D214504FADCFF31772@D220004FADCFF31792@D221504FADCFF317B2@D223004FADCFF317C2@D224504FADCFF317E2@D230004FADCFF317F2@D231504FADCFF31802@D233004FADCFF31802@D234504FADCFF31812@E=$001190;D;2022/05/10,00:00:00+04;@000018
000018;@DD2022050406150004;@
000020;@D061504FADCFF31732;@ADC
000028;@D063004FADCFF31702;@ADC
000030;@D064504FADCFF316C2;@ADC
000038;@D070004FADCFF31692;@ADC
000040;@D071504FADCFF31672;@ADC
000048;@D073004FADCFF31662;@ADC
000050;@D074504FADCFF31652;@ADC
000058;@D080004FADCFF31642;@ADC
000060;@D081504FADCFF31632;@ADC
000068;@D083004FADCFF31622;@ADC
000070;@D084504FADCFF31612;@ADC
000078;@D090004FADCFF31612;@ADC
000080;@D091504FADCFF31622;@ADC
000088;@DD2022050409300004;@
000090;@D093004FADCFF316A2;@ADC
000098;@D094504FADCFF316B2;@ADC
0000A0;@D100004FADCFF316B2;@ADC
0000A8;@D101504FADCFF316B2;@ADC
0000B0;@D103004FADCFF316A2;@ADC
0000B8;@D104504FADCFF31692;@ADC
0000C0;@D110004FADCFF31692;@ADC
0000C8;@D111504FADCFF31682;@ADC
0000D0;@D113004FADCFF31682;@ADC
0000D8;@D114504FADCFF31682;@ADC
0000E0;@D120004FADCFF31692;@ADC
0000E8;@D121504FADCFF316B2;@ADC
0000F0;@D123004FADCFF316B2;@ADC
0000F8;@D124504FADCFF31722;@ADC
000100;@D130004FADCFF31722;@ADC
000108;@D131504FADCFF31712;@ADC
000110;@D133004FADCFF31712;@ADC
000118;@D134504FADCFF31712;@ADC
000120;@D140004FADCFF31702;@ADC
000128;@D141504FADCFF316E2;@ADC
000130;@D143004FADCFF316E2;@ADC
000138;@D144504FADCFF316E2;@ADC
000140;@D150004FADCFF316E2;@ADC
000148;@D151504FADCFF316D2;@ADC
000150;@D153004FADCFF316C2;@ADC
000158;@D154504FADCFF316B2;@ADC
000160;@D160004FADCFF316A2;@ADC
000168;@D161504FADCFF316A2;@ADC
000170;@D163004FADCFF316A2;@ADC
000178;@D164504FADCFF316A2;@ADC
000180;@D170004FADCFF316A2;@ADC
000188;@D171504FADCFF316A2;@ADC
000190;@D173004FADCFF31692;@ADC
000198;@D174504FADCFF31692;@ADC
0001A0;@D180004FADCFF31692;@ADC
0001A8;@D181504FADCFF31682;@ADC
0001B0;@D183004FADCFF31692;@ADC
0001B8;@D184504FADCFF31682;@ADC
0001C0;@D190004FADCFF31682;@ADC
0001C8;@D191504FADCFF31682;@ADC
0001D0;@D193004FADCFF31682;@ADC
0001D8;@D194504FADCFF31682;@ADC
0001E0;@D200004FADCFF31682;@ADC
0001E8;@D201504FADCFF31672;@ADC
0001F0;@D203004FADCFF31672;@ADC
0001F8;@D204504FADCFF31672;@ADC
000200;@D210004FADCFF31672;@ADC
000208;@D211504FADCFF31672;@ADC
000210;@D213004FADCFF31672;@ADC
000218;@D214504FADCFF31672;@ADC
000220;@D220004FADCFF31662;@ADC
000228;@D221504FADCFF31662;@ADC
000230;@D223004FADCFF31662;@ADC
000238;@D224504FADCFF31662;@ADC
000240;@D230004FADCFF31662;@ADC
000248;@D231504FADCFF31662;@ADC
000250;@D233004FADCFF31662;@ADC
000258;@D234504FADCFF31662;@ADC
000260;@DD2022050500000004;@
000268;@D000004FADCFF31662;@ADC
000270;@D001504FADCFF31662;@ADC
000278;@D003004FADCFF31662;@ADC
000280;@D004504FADCFF31662;@ADC
000288;@D010004FADCFF31662;@ADC
000290;@D011504FADCFF31662;@ADC
000298;@D013004FADCFF31652;@ADC
0002A0;@D014504FADCFF31652;@ADC
0002A8;@D020004FADCFF31652;@ADC
0002B0;@D021504FADCFF31652;@ADC
0002B8;@D023004FADCFF31652;@ADC
0002C0;@D024504FADCFF31652;@ADC
0002C8;@D030004FADCFF31652;@ADC
0002D0;@D031504FADCFF31652;@ADC
0002D8;@D033004FADCFF31652;@ADC
0002E0;@D034504FADCFF31642;@ADC
0002E8;@D040004FADCFF31642;@ADC
0002F0;@D041504FADCFF31652;@ADC
0002F8;@D043004FADCFF31642;@ADC
000300;@D044504FADCFF31652;@ADC
000308;@D050004FADCFF31642;@ADC
000310;@D051504FADCFF31642;@ADC
000318;@D053004FADCFF31642;@ADC
000320;@D054504FADCFF31642;@ADC
000328;@D060004FADCFF31642;@ADC
000330;@D061504FADCFF31642;@ADC
000338;@D063004FADCFF31642;@ADC
000340;@D064504FADCFF31642;@ADC
000348;@D070004FADCFF31642;@ADC
000350;@D071504FADCFF31642;@ADC
000358;@D073004FADCFF31642;@ADC
000360;@D074504FADCFF31642;@ADC
000368;@D080004FADCFF31642;@ADC
000370;@D081504FADCFF31672;@ADC
000378;@D083004FADCFF31712;@ADC
000380;@D084504FADCFF31712;@ADC
000388;@D090004FADCFF31712;@ADC
000390;@D091504FADCFF31712;@ADC
000398;@D093004FADCFF31712;@ADC
0003A0;@D094504FADCFF31712;@ADC
0003A8;@D100004FADCFF31722;@ADC
0003B0;@D101504FADCFF31732;@ADC
0003B8;@D103004FADCFF31732;@ADC
0003C0;@D104504FADCFF31732;@ADC
0003C8;@D110004FADCFF31732;@ADC
0003D0;@D111504FADCFF31752;@ADC
0003D8;@D113004FADCFF31762;@ADC
0003E0;@D114504FADCFF31752;@ADC
0003E8;@D120004FADCFF31772;@ADC
0003F0;@D121504FADCFF31782;@ADC
0003F8;@D123004FADCFF317A2;@ADC
000400;@D124504FADCFF317B2;@ADC
000408;@D130004FADCFF317C2;@ADC
000410;@D131504FADCFF317D2;@ADC
000418;@D133004FADCFF317A2;@ADC
000420;@D134504FADCFF317A2;@ADC
000428;@D140004FADCFF317E2;@ADC
000430;@D141504FADCFF31812;@ADC
000438;@D143004FADCFF31822;@ADC
000440;@D144504FADCFF31852;@ADC
000448;@D150004FADCFF31882;@ADC
000450;@D151504FADCFF318C2;@ADC
000458;@D153004FADCFF318E2;@ADC
000460;@D154504FADCFF318D2;@ADC
000468;@D160004FADCFF31872;@ADC
000470;@D161504FADCFF31802;@ADC
000478;@D163004FADCFF31752;@ADC
000480;@D164504FADCFF316F2;@ADC
000488;@D170004FADCFF31682;@ADC
000490;@D171504FADCFF31632;@ADC
000498;@D173004FADCFF315F2;@ADC
0004A0;@D174504FADCFF315B2;@ADC
0004A8;@D180004FADCFF31582;@ADC
0004B0;@D181504FADCFF31562;@ADC
0004B8;@D183004FADCFF31542;@ADC
0004C0;@D184504FADCFF31532;@ADC
0004C8;@D190004FADCFF31522;@ADC
0004D0;@D191504FADCFF314F2;@ADC
0004D8;@D193004FADCFF314C2;@ADC
0004E0;@D194504FADCFF31472;@ADC
0004E8;@D200004FADCFF31412;@ADC
0004F0;@D201504FADCFF31392;@ADC
0004F8;@D203004FADCFF31322;@ADC
000500;@D204504FADCFF312C2;@ADC
000508;@D210004FADCFF31252;@ADC
000510;@D211504FADCFF311C2;@ADC
000518;@D213004FADCFF31132;@ADC
000520;@D214504FADCFF310B2;@ADC
000528;@D220004FADCFF31052;@ADC
000530;@D221504FADCFF31002;@ADC
000538;@D223004FADCFF30FB2;@ADC
000540;@D224504FADCFF30F72;@ADC
000548;@D230004FADCFF30F42;@ADC
000550;@D231504FADCFF30F02;@ADC
000558;@D233004FADCFF30EC2;@ADC
000560;@D234504FADCFF30E92;@ADC
000568;@DD2022050600000004;@
000570;@D000004FADCFF30E62;@ADC
000578;@D001504FADCFF30E32;@ADC
000580;@D003004FADCFF30E02;@ADC
000588;@D004504FADCFF30DD2;@ADC
000590;@D010004FADCFF30DB2;@ADC
000598;@D011504FADCFF30E12;@ADC
0005A0;@D013004FADCFF30E42;@ADC
0005A8;@D014504FADCFF30E42;@ADC
0005B0;@D020004FADCFF30E32;@ADC
0005B8;@D021504FADCFF30E12;@ADC
0005C0;@D023004FADCFF30DE2;@ADC
0005C8;@D024504FADCFF30DB2;@ADC
0005D0;@D030004FADCFF30D82;@ADC
0005D8;@D031504FADCFF30D52;@ADC
0005E0;@D033004FADCFF30D22;@ADC
0005E8;@D034504FADCFF30CF2;@ADC
0005F0;@D040004FADCFF30CC2;@ADC
0005F8;@D041504FADCFF30C92;@ADC
000600;@D043004FADCFF30C62;@ADC
000608;@D044504FADCFF30C42;@ADC
000610;@D050004FADCFF30C12;@ADC
000618;@D051504FADCFF30BF2;@ADC
000620;@D053004FADCFF30BE2;@ADC
000628;@D054504FADCFF30BD2;@ADC
000630;@D060004FADCFF30BC2;@ADC
000638;@D061504FADCFF30BC2;@ADC
000640;@D063004FADCFF30BC2;@ADC
000648;@D064504FADCFF30BF2;@ADC
000650;@D070004FADCFF30C22;@ADC
000658;@D071504FADCFF30C72;@ADC
000660;@D073004FADCFF30CD2;@ADC
000668;@D074504FADCFF30D42;@ADC
000670;@D080004FADCFF30DD2;@ADC
000678;@D081504FADCFF30E72;@ADC
000680;@D083004FADCFF30F32;@ADC
000688;@D084504FADCFF30FF2;@ADC
000690;@D090004FADCFF310A2;@ADC
000698;@D091504FADCFF31172;@ADC
0006A0;@D093004FADCFF31232;@ADC
0006A8;@D094504FADCFF312F2;@ADC
0006B0;@D100004FADCFF313C2;@ADC
0006B8;@D101504FADCFF31482;@ADC
0006C0;@D103004FADCFF31542;@ADC
0006C8;@D104504FADCFF31612;@ADC
0006D0;@D110004FADCFF316C2;@ADC
0006D8;@D111504FADCFF31752;@ADC
0006E0;@D113004FADCFF317F2;@ADC
0006E8;@D114504FADCFF318A2;@ADC
0006F0;@D120004FADCFF31942;@ADC
0006F8;@D121504FADCFF319C2;@ADC
000700;@D123004FADCFF31A32;@ADC
000708;@D124504FADCFF31AB2;@ADC
000710;@D130004FADCFF31B52;@ADC
000718;@D131504FADCFF31BE2;@ADC
000720;@D133004FADCFF31C72;@ADC
000728;@D134504FADCFF31CE2;@ADC
000730;@D140004FADCFF31D62;@ADC
000738;@D141504FADCFF31DB2;@ADC
000740;@D143004FADCFF31E12;@ADC
000748;@D144504FADCFF31E62;@ADC
000750;@D150004FADCFF31E82;@ADC
000758;@D151504FADCFF31EA2;@ADC
000760;@D153004FADCFF31EB2;@ADC
000768;@D154504FADCFF31EB2;@ADC
000770;@D160004FADCFF31EA2;@ADC
000778;@D161504FADCFF31E92;@ADC
000780;@D163004FADCFF31E82;@ADC
000788;@D164504FADCFF31E72;@ADC
000790;@D170004FADCFF31E72;@ADC
000798;@D171504FADCFF31E52;@ADC
0007A0;@D173004FADCFF31E22;@ADC
0007A8;@D174504FADCFF31DE2;@ADC
0007B0;@D180004FADCFF31D92;@ADC
0007B8;@D181504FADCFF31D32;@ADC
0007C0;@D183004FADCFF31CD2;@ADC
0007C8;@D184504FADCFF31C72;@ADC
0007D0;@D190004FADCFF31C12;@ADC
0007D8;@D191504FADCFF31BB2;@ADC
0007E0;@D193004FADCFF31AF2;@ADC
0007E8;@D194504FADCFF31A82;@ADC
0007F0;@D200004FADCFF31A12;@ADC
0007F8;@D201504FADCFF319B2;@ADC
000800;@D203004FADCFF31962;@ADC
000808;@D204504FADCFF31902;@ADC
000810;@D210004FADCFF318A2;@ADC
000818;@D211504FADCFF31832;@ADC
000820;@D213004FADCFF317D2;@ADC
000828;@D214504FADCFF31782;@ADC
000830;@D220004FADCFF31732;@ADC
000838;@D221504FADCFF316E2;@ADC
000840;@D223004FADCFF31692;@ADC
000848;@D224504FADCFF31642;@ADC
000850;@D230004FADCFF315F2;@ADC
000858;@D231504FADCFF315A2;@ADC
000860;@D233004FADCFF31552;@ADC
000868;@D234504FADCFF31512;@ADC
000870;@DD2022050700000004;@
000878;@D000004FADCFF314C2;@ADC
000880;@D001504FADCFF31472;@ADC
000888;@D003004FADCFF31432;@ADC
000890;@D004504FADCFF313F2;@ADC
000898;@D010004FADCFF313C2;@ADC
0008A0;@D011504FADCFF313A2;@ADC
0008A8;@D013004FADCFF31382;@ADC
0008B0;@D014504FADCFF31362;@ADC
0008B8;@D020004FADCFF31342;@ADC
0008C0;@D021504FADCFF31332;@ADC
0008C8;@D023004FADCFF31322;@ADC
0008D0;@D024504FADCFF31302;@ADC
0008D8;@D030004FADCFF312F2;@ADC
0008E0;@D031504FADCFF312D2;@ADC
0008E8;@D033004FADCFF312C2;@ADC
0008F0;@D034504FADCFF312A2;@ADC
0008F8;@D040004FADCFF31292;@ADC
000900;@D041504FADCFF31272;@ADC
000908;@D043004FADCFF31252;@ADC
000910;@D044504FADCFF31232;@ADC
000918;@D050004FADCFF31212;@ADC
000920;@D051504FADCFF311E2;@ADC
000928;@D053004FADCFF311C2;@ADC
000930;@D054504FADCFF31182;@ADC
000938;@D060004FADCFF31152;@ADC
000940;@D061504FADCFF31122;@ADC
000948;@D063004FADCFF310E2;@ADC
000950;@D064504FADCFF310B2;@ADC
000958;@D070004FADCFF31072;@ADC
000960;@D071504FADCFF31032;@ADC
000968;@D073004FADCFF31002;@ADC
000970;@D074504FADCFF30FC2;@ADC
000978;@D080004FADCFF30F92;@ADC
000980;@D081504FADCFF30F72;@ADC
000988;@D083004FADCFF30F52;@ADC
000990;@D084504FADCFF30F32;@ADC
000998;@D090004FADCFF30F12;@ADC
0009A0;@D091504FADCFF30EE2;@ADC
0009A8;@D093004FADCFF30EC2;@ADC
0009B0;@D094504FADCFF30E82;@ADC
0009B8;@D100004FADCFF30E52;@ADC
0009C0;@D101504FADCFF30E32;@ADC
0009C8;@D103004FADCFF30E22;@ADC
0009D0;@D104504FADCFF30E22;@ADC
0009D8;@D110004FADCFF30E12;@ADC
0009E0;@D111504FADCFF30DF2;@ADC
0009E8;@D113004FADCFF30DD2;@ADC
0009F0;@D114504FADCFF30DC2;@ADC
0009F8;@D120004FADCFF30DC2;@ADC
000A00;@D121504FADCFF30DD2;@ADC
000A08;@D123004FADCFF30DC2;@ADC
000A10;@D124504FADCFF30DB2;@ADC
000A18;@D130004FADCFF30DB2;@ADC
000A20;@D131504FADCFF30DA2;@ADC
000A28;@D133004FADCFF30DD2;@ADC
000A30;@D134504FADCFF30E32;@ADC
000A38;@D140004FADCFF30E92;@ADC
000A40;@D141504FADCFF31012;@ADC
000A48;@D143004FADCFF31082;@ADC
000A50;@D144504FADCFF310C2;@ADC
000A58;@D150004FADCFF31102;@ADC
000A60;@D151504FADCFF31132;@ADC
000A68;@D153004FADCFF31152;@ADC
000A70;@D154504FADCFF31172;@ADC
000A78;@D160004FADCFF311A2;@ADC
000A80;@D161504FADCFF311C2;@ADC
000A88;@D163004FADCFF311D2;@ADC
000A90;@D164504FADCFF311F2;@ADC
000A98;@D170004FADCFF31212;@ADC
000AA0;@D171504FADCFF31242;@ADC
000AA8;@D173004FADCFF31262;@ADC
000AB0;@D174504FADCFF31292;@ADC
000AB8;@D180004FADCFF312B2;@ADC
000AC0;@D181504FADCFF312D2;@ADC
000AC8;@D183004FADCFF312F2;@ADC
000AD0;@D184504FADCFF31312;@ADC
000AD8;@D190004FADCFF31332;@ADC
000AE0;@D191504FADCFF31362;@ADC
000AE8;@D193004FADCFF31382;@ADC
000AF0;@D194504FADCFF313B2;@ADC
000AF8;@D200004FADCFF313D2;@ADC
000B00;@D201504FADCFF313F2;@ADC
000B08;@D203004FADCFF31412;@ADC
000B10;@D204504FADCFF31422;@ADC
000B18;@D210004FADCFF31422;@ADC
000B20;@D211504FADCFF31422;@ADC
000B28;@D213004FADCFF31422;@ADC
000B30;@D214504FADCFF31422;@ADC
000B38;@D220004FADCFF31432;@ADC
000B40;@D221504FADCFF31432;@ADC
000B48;@D223004FADCFF31442;@ADC
000B50;@D224504FADCFF31452;@ADC
000B58;@D230004FADCFF31452;@ADC
000B60;@D231504FADCFF31442;@ADC
000B68;@D233004FADCFF31422;@ADC
000B70;@D234504FADCFF31412;@ADC
000B78;@DD2022050800000004;@
000B80;@D000004FADCFF313F2;@ADC
000B88;@D001504FADCFF313E2;@ADC
000B90;@D003004FADCFF313D2;@ADC
000B98;@D004504FADCFF313C2;@ADC
000BA0;@D010004FADCFF313C2;@ADC
000BA8;@D011504FADCFF313B2;@ADC
000BB0;@D013004FADCFF313A2;@ADC
000BB8;@D014504FADCFF313A2;@ADC
000BC0;@D020004FADCFF31392;@ADC
000BC8;@D021504FADCFF31392;@ADC
000BD0;@D023004FADCFF31392;@ADC
000BD8;@D024504FADCFF31382;@ADC
000BE0;@D030004FADCFF31382;@ADC
000BE8;@D031504FADCFF31382;@ADC
000BF0;@D033004FADCFF31372;@ADC
000BF8;@D034504FADCFF31372;@ADC
000C00;@D040004FADCFF31372;@ADC
000C08;@D041504FADCFF31372;@ADC
000C10;@D043004FADCFF31372;@ADC
000C18;@D044504FADCFF31362;@ADC
000C20;@D050004FADCFF31362;@ADC
000C28;@D051504FADCFF31352;@ADC
000C30;@D053004FADCFF31352;@ADC
000C38;@D054504FADCFF31362;@ADC
000C40;@D060004FADCFF31352;@ADC
000C48;@D061504FADCFF31352;@ADC
000C50;@D063004FADCFF31352;@ADC
000C58;@D064504FADCFF31342;@ADC
000C60;@D070004FADCFF31342;@ADC
000C68;@D071504FADCFF31332;@ADC
000C70;@D073004FADCFF31322;@ADC
000C78;@D074504FADCFF31312;@ADC
000C80;@D080004FADCFF312F2;@ADC
000C88;@D081504FADCFF312D2;@ADC
000C90;@D083004FADCFF312B2;@ADC
000C98;@D084504FADCFF31282;@ADC
000CA0;@D090004FADCFF31272;@ADC
000CA8;@D091504FADCFF31252;@ADC
000CB0;@D093004FADCFF31242;@ADC
000CB8;@D094504FADCFF31222;@ADC
000CC0;@D100004FADCFF31202;@ADC
000CC8;@D101504FADCFF311E2;@ADC
000CD0;@D103004FADCFF311B2;@ADC
000CD8;@D104504FADCFF31192;@ADC
000CE0;@D110004FADCFF31182;@ADC
000CE8;@D111504FADCFF31162;@ADC
000CF0;@D113004FADCFF31152;@ADC
000CF8;@D114504FADCFF31132;@ADC
000D00;@D120004FADCFF31132;@ADC
000D08;@D121504FADCFF31122;@ADC
000D10;@D123004FADCFF31112;@ADC
000D18;@D124504FADCFF31102;@ADC
000D20;@D130004FADCFF31102;@ADC
000D28;@D131504FADCFF310F2;@ADC
000D30;@D133004FADCFF310E2;@ADC
000D38;@D134504FADCFF310E2;@ADC
000D40;@D140004FADCFF310D2;@ADC
000D48;@D141504FADCFF310D2;@ADC
000D50;@D143004FADCFF310D2;@ADC
000D58;@D144504FADCFF310C2;@ADC
000D60;@D150004FADCFF310C2;@ADC
000D68;@D151504FADCFF310C2;@ADC
000D70;@D153004FADCFF310B2;@ADC
000D78;@D154504FADCFF310B2;@ADC
000D80;@D160004FADCFF310B2;@ADC
000D88;@D161504FADCFF310B2;@ADC
000D90;@D163004FADCFF310B2;@ADC
000D98;@D164504FADCFF310A2;@ADC
000DA0;@D170004FADCFF310B2;@ADC
000DA8;@D171504FADCFF310A2;@ADC
000DB0;@D173004FADCFF310A2;@ADC
000DB8;@D174504FADCFF310A2;@ADC
000DC0;@D180004FADCFF310A2;@ADC
000DC8;@D181504FADCFF310A2;@ADC
000DD0;@D183004FADCFF310B2;@ADC
000DD8;@D184504FADCFF310A2;@ADC
000DE0;@D190004FADCFF310B2;@ADC
000DE8;@D191504FADCFF310B2;@ADC
000DF0;@D193004FADCFF310B2;@ADC
000DF8;@D194504FADCFF310B2;@ADC
000E00;@D200004FADCFF310B2;@ADC
000E08;@D201504FADCFF310C2;@ADC
000E10;@D203004FADCFF310C2;@ADC
000E18;@D204504FADCFF310C2;@ADC
000E20;@D210004FADCFF310C2;@ADC
000E28;@D211504FADCFF310C2;@ADC
000E30;@D213004FADCFF310C2;@ADC
000E38;@D214504FADCFF310C2;@ADC
000E40;@D220004FADCFF310D2;@ADC
000E48;@D221504FADCFF310D2;@ADC
000E50;@D223004FADCFF310D2;@ADC
000E58;@D224504FADCFF310D2;@ADC
000E60;@D230004FADCFF310D2;@ADC
000E68;@D231504FADCFF310D2;@ADC
000E70;@D233004FADCFF310E2;@ADC
000E78;@D234504FADCFF310E2;@ADC
000E80;@DD2022050900000004;@
000E88;@D000004FADCFF310E2;@ADC
000E90;@D001504FADCFF310E2;@ADC
000E98;@D003004FADCFF310E2;@ADC
000EA0;@D004504FADCFF310F2;@ADC
000EA8;@D010004FADCFF310F2;@ADC
000EB0;@D011504FADCFF310F2;@ADC
000EB8;@D013004FADCFF310F2;@ADC
000EC0;@D014504FADCFF31102;@ADC
000EC8;@D020004FADCFF31102;@ADC
000ED0;@D021504FADCFF31102;@ADC
000ED8;@D023004FADCFF31102;@ADC
000EE0;@D024504FADCFF31112;@ADC
000EE8;@D030004FADCFF31112;@ADC
000EF0;@D031504FADCFF31112;@ADC
000EF8;@D033004FADCFF31112;@ADC
000F00;@D034504FADCFF31122;@ADC
000F08;@D040004FADCFF31112;@ADC
000F10;@D041504FADCFF31122;@ADC
000F18;@D043004FADCFF31122;@ADC
000F20;@D044504FADCFF31122;@ADC
000F28;@D050004FADCFF31122;@ADC
000F30;@D051504FADCFF31132;@ADC
000F38;@D053004FADCFF31132;@ADC
000F40;@D054504FADCFF31132;@ADC
000F48;@D060004FADCFF31142;@ADC
000F50;@D061504FADCFF31142;@ADC
000F58;@D063004FADCFF31142;@ADC
000F60;@D064504FADCFF31142;@ADC
000F68;@D070004FADCFF31142;@ADC
000F70;@D071504FADCFF31132;@ADC
000F78;@D073004FADCFF310E2;@ADC
000F80;@D074504FADCFF31092;@ADC
000F88;@D080004FADCFF31042;@ADC
000F90;@D081504FADCFF31002;@ADC
000F98;@D083004FADCFF30FC2;@ADC
000FA0;@D084504FADCFF30F92;@ADC
000FA8;@D090004FADCFF30F52;@ADC
000FB0;@D091504FADCFF30F12;@ADC
000FB8;@D093004FADCFF30ED2;@ADC
000FC0;@D094504FADCFF30E92;@ADC
000FC8;@D100004FADCFF30E42;@ADC
000FD0;@D101504FADCFF30E02;@ADC
000FD8;@D103004FADCFF30DC2;@ADC
000FE0;@D104504FADCFF30D92;@ADC
000FE8;@D110004FADCFF30DB2;@ADC
000FF0;@D111504FADCFF30E22;@ADC
000FF8;@D113004FADCFF30E62;@ADC
001000;@D114504FADCFF30EA2;@ADC
001008;@D120004FADCFF30EE2;@ADC
001010;@D121504FADCFF30EF2;@ADC
001018;@D123004FADCFF30ED2;@ADC
001020;@D124504FADCFF30EB2;@ADC
001028;@D130004FADCFF30EB2;@ADC
001030;@D131504FADCFF30EA2;@ADC
001038;@D133004FADCFF30EC2;@ADC
001040;@D134504FADCFF30EE2;@ADC
001048;@D140004FADCFF30F12;@ADC
001050;@D141504FADCFF30F22;@ADC
001058;@D143004FADCFF30F62;@ADC
001060;@D144504FADCFF30FC2;@ADC
001068;@D150004FADCFF310B2;@ADC
001070;@D151504FADCFF311A2;@ADC
001078;@D153004FADCFF31262;@ADC
001080;@D154504FADCFF31302;@ADC
001088;@D160004FADCFF31382;@ADC
001090;@D161504FADCFF313F2;@ADC
001098;@D163004FADCFF31452;@ADC
0010A0;@D164504FADCFF314B2;@ADC
0010A8;@D170004FADCFF314F2;@ADC
0010B0;@D171504FADCFF31532;@ADC
0010B8;@D173004FADCFF31562;@ADC
0010C0;@D174504FADCFF31592;@ADC
0010C8;@D180004FADCFF315B2;@ADC
0010D0;@D181504FADCFF315E2;@ADC
0010D8;@D183004FADCFF315F2;@ADC
0010E0;@D184504FADCFF31612;@ADC
0010E8;@D190004FADCFF31632;@ADC
0010F0;@D191504FADCFF31652;@ADC
0010F8;@D193004FADCFF31662;@ADC
001100;@D194504FADCFF31682;@ADC
001108;@D200004FADCFF316A2;@ADC
001110;@D201504FADCFF316C2;@ADC
001118;@D203004FADCFF316E2;@ADC
001120;@D204504FADCFF31702;@ADC
001128;@D210004FADCFF31712;@ADC
001130;@D211504FADCFF31732;@ADC
001138;@D213004FADCFF31752;@ADC
001140;@D214504FADCFF31772;@ADC
001148;@D220004FADCFF31792;@ADC
001150;@D221504FADCFF317B2;@ADC
001158;@D223004FADCFF317C2;@ADC
001160;@D224504FADCFF317E2;@ADC
001168;@D230004FADCFF317F2;@ADC
001170;@D231504FADCFF31802;@ADC
001178;@D233004FADCFF31802;@ADC
001180;@D234504FADCFF31812;@ADC
@E=$001190;D;2022/05/10,00:00:00+04;@001190
@D000004FADCFF31822@D001504FADCFF31822@D003004FADCFF31832@D004504FADCFF31832@D010004FADCFF31832@D011504FADCFF31832@D013004FADCFF31832@D014504FADCFF31832@D020004FADCFF31832@D021504FADCFF31832@D023004FADCFF31832@D024504FADCFF31822@D030004FADCFF31822@D031504FADCFF31812@D033004FADCFF31812@D034504FADCFF31802@D040004FADCFF317F2@D041504FADCFF317F2@D043004FADCFF317E2@D044504FADCFF317D2@D050004FADCFF317C2@D051504FADCFF317B2@D053004FADCFF317A2@D054504FADCFF31792@D060004FADCFF31782@D061504FADCFF31772@D063004FADCFF31752@D064504FADCFF31752@D070004FADCFF31732@D071504FADCFF31722@D073004FADCFF31712@D074504FADCFF316F2@D080004FADCFF316E2@D081504FADCFF316C2@D083004FADCFF316B2@D084504FADCFF316A2@D090004FADCFF31682@D091504FADCFF31672@D093004FADCFF31652@D094504FADCFF31652@D100004FADCFF31652@D101504FADCFF31662@D103004FADCFF31662@D104504FADCFF31672@D110004FADCFF31682@D111504FADCFF31692@D113004FADCFF316A2@D114504FADCFF316B2@D120004FADCFF316C2@D121504FADCFF316C2@D123004FADCFF316D2@D124504FADCFF316E2@D130004FADCFF316F2@D131504FADCFF31702@D133004FADCFF31702@D134504FADCFF31712@D140004FADCFF31712@D141504FADCFF316E2@D143004FADCFF316C2@D144504FADCFF316A2@D150004FADCFF31692@D151504FADCFF31672@D153004FADCFF31672@D154504FADCFF31662@D160004FADCFF31652@D161504FADCFF31652@D163004FADCFF31642@D164504FADCFF31642@D170004FADCFF31642@D171504FADCFF31632@D173004FADCFF31632@D174504FADCFF31632@D180004FADCFF31622@D181504FADCFF31622@D183004FADCFF31632@D184504FADCFF31632@D190004FADCFF31632@D191504FADCFF31632@D193004FADCFF31632@D194504FADCFF31642@D200004FADCFF31652@D201504FADCFF31662@D203004FADCFF31672@D204504FADCFF31682@D210004FADCFF316A2@D211504FADCFF316A2@D213004FADCFF316C2@D214504FADCFF316E2@D220004FADCFF316F2@D221504FADCFF31702@D223004FADCFF31722@D224504FADCFF31732@D230004FADCFF31742@D231504FADCFF31752@D233004FADCFF31752@D234504FADCFF31752@DD2022051100000004@D000004FADCFF31752@D001504FADCFF31752@D003004FADCFF31762@D004504FADCFF31762@D010004FADCFF31762@D011504FADCFF31762@D013004FADCFF31762@D014504FADCFF31752@D020004FADCFF31752@D021504FADCFF31752@D023004FADCFF31752@D024504FADCFF31742@D030004FADCFF31742@D031504FADCFF31732@D033004FADCFF31722@D034504FADCFF31722@D040004FADCFF31722@D041504FADCFF31712@D043004FADCFF31702@D044504FADCFF31702@D050004FADCFF316F2@D051504FADCFF316E2@D053004FADCFF316D2@D054504FADCFF316C2@D060004FADCFF316B2@D061504FADCFF316A2@D063004FADCFF31692@D064504FADCFF31682@D070004FADCFF31672@D071504FADCFF31662@D073004FADCFF31652@D074504FADCFF31642@D080004FADCFF31622@D081504FADCFF31612@D083004FADCFF31602@D084504FADCFF315E2@D090004FADCFF315D2@D091504FADCFF315C2@D093004FADCFF315A2@D094504FADCFF31592@D100004FADCFF31592@D101504FADCFF31582@D103004FADCFF31582@D104504FADCFF31592@D110004FADCFF31592@D111504FADCFF31592@D113004FADCFF315A2@D114504FADCFF315A2@D120004FADCFF315B2@D121504FADCFF315B2@D123004FADCFF315C2@D124504FADCFF315D2@D130004FADCFF315E2@D131504FADCFF315E2@D133004FADCFF315F2@D134504FADCFF315F2@D140004FADCFF31602@D141504FADCFF31612@D143004FADCFF31612@D144504FADCFF31612@D150004FADCFF31612@D151504FADCFF31622@D153004FADCFF31622@D154504FADCFF31622@D160004FADCFF31622@D161504FADCFF31632@D163004FADCFF31632@D164504FADCFF31632@D170004FADCFF31642@D171504FADCFF31642@D173004FADCFF31652@D174504FADCFF31662@D180004FADCFF31672@D181504FADCFF31672@D183004FADCFF31682@D184504FADCFF31692@D190004FADCFF31692@D191504FADCFF31692@D193004FADCFF316A2@D194504FADCFF316B2@D200004FADCFF316C2@D201504FADCFF316C2@D203004FADCFF316D2@D204504FADCFF316D2@D210004FADCFF316E2@D211504FADCFF316E2@D213004FADCFF316F2@D214504FADCFF316F2@D220004FADCFF31702@D221504FADCFF31712@D223004FADCFF31722@D224504FADCFF31732@D230004FADCFF31742@D231504FADCFF31742@D233004FADCFF31752@D234504FADCFF31762@DD2022051200000004@D000004FADCFF31762@D001504FADCFF31762@D003004FADCFF31772@D004504FADCFF31772@D010004FADCFF31782@D011504FADCFF31792@D013004FADCFF31792@D014504FADCFF317A2@D020004FADCFF317A2@D021504FADCFF317A2@D023004FADCFF317A2@D024504FADCFF317A2@D030004FADCFF317A2@D031504FADCFF317A2@D033004FADCFF317A2@D034504FADCFF317A2@D040004FADCFF317A2@D041504FADCFF31792@D043004FADCFF31792@D044504FADCFF31782@D050004FADCFF31782@D051504FADCFF31782@D053004FADCFF31772@D054504FADCFF31762@D060004FADCFF31752@D061504FADCFF31752@D063004FADCFF31742@D064504FADCFF31732@D070004FADCFF31732@D071504FADCFF31722@D073004FADCFF31712@D074504FADCFF31702@D080004FADCFF316F2@D081504FADCFF316E2@D083004FADCFF316D2@D084504FADCFF316C2@D090004FADCFF316B2@D091504FADCFF316A2@D093004FADCFF31692@D094504FADCFF31682@D100004FADCFF31672@D101504FADCFF31672@D103004FADCFF31662@D104504FADCFF31662@D110004FADCFF31652@D111504FADCFF31652@D113004FADCFF31642@D114504FADCFF31642@D120004FADCFF31642@D121504FADCFF31642@D123004FADCFF31642@D124504FADCFF31642@D130004FADCFF31642@D131504FADCFF31642@D133004FADCFF31632@D134504FADCFF31632@D140004FADCFF31642@D141504FADCFF31632@D143004FADCFF31632@D144504FADCFF31632@D150004FADCFF31632@D151504FADCFF31642@D153004FADCFF31642@D154504FADCFF31642@D160004FADCFF31642@D161504FADCFF31652@D163004FADCFF31662@D164504FADCFF31662@D170004FADCFF31672@D171504FADCFF31682@D173004FADCFF31692@D174504FADCFF316A2@D180004FADCFF316B2@D181504FADCFF316C2@D183004FADCFF316D2@D184504FADCFF316E2@D190004FADCFF316F2@D191504FADCFF31702@D193004FADCFF31702@D194504FADCFF31722@D200004FADCFF31722@D201504FADCFF31732@D203004FADCFF31742@D204504FADCFF31752@D210004FADCFF31762@D211504FADCFF31772@D213004FADCFF31782@D214504FADCFF31792@D220004FADCFF31792@D221504FADCFF317B2@D223004FADCFF317B2@D224504FADCFF317B2@D230004FADCFF317D2@D231504FADCFF317E2@D233004FADCFF317F2@D234504FADCFF317F2@DD2022051300000004@D000004FADCFF31802@D001504FADCFF31802@D003004FADCFF31812@D004504FADCFF31822@D010004FADCFF31832@D011504FADCFF31832@D013004FADCFF31842@D014504FADCFF31852@D020004FADCFF31852@D021504FADCFF31862@D023004FADCFF31872@D024504FADCFF31872@D030004FADCFF31872@D031504FADCFF31872@D033004FADCFF31882@D034504FADCFF31882@D040004FADCFF31882@D041504FADCFF31882@D043004FADCFF31882@D044504FADCFF31882@D050004FADCFF31872@D051504FADCFF31872@D053004FADCFF31872@D054504FADCFF31862@D060004FADCFF31862@D061504FADCFF31862@D063004FADCFF31862@D064504FADCFF31852@D070004FADCFF31842@D071504FADCFF31842@D073004FADCFF31842@D074504FADCFF31832@D080004FADCFF31832@D081504FADCFF31822@D083004FADCFF31822@D084504FADCFF31812@D090004FADCFF31802@D091504FADCFF31802@D093004FADCFF317F2@D094504FADCFF317F2@D100004FADCFF317E2@D101504FADCFF317E2@D103004FADCFF317D2@D104504FADCFF317D2@D110004FADCFF317C2@D111504FADCFF317C2@D113004FADCFF317B2@D114504FADCFF317B2@D120004FADCFF317A2@D121504FADCFF31792@D123004FADCFF31792@D124504FADCFF31792@D130004FADCFF31782@D131504FADCFF31782@D133004FADCFF31782@D134504FADCFF31782@D140004FADCFF31782@D141504FADCFF31782@D143004FADCFF31782@D144504FADCFF31782@D150004FADCFF31782@D151504FADCFF31782@D153004FADCFF31792@D154504FADCFF31782@D160004FADCFF31782@D161504FADCFF31782@D163004FADCFF31782@D164504FADCFF31792@D170004FADCFF31782@D171504FADCFF31782@D173004FADCFF31782@D174504FADCFF31772@D180004FADCFF31772@D181504FADCFF31772@D183004FADCFF31782@D184504FADCFF31782@D190004FADCFF31782@D191504FADCFF31782@D193004FADCFF31792@D194504FADCFF31792@D200004FADCFF31792@D201504FADCFF31792@D203004FADCFF317A2@D204504FADCFF317B2@D210004FADCFF317B2@D211504FADCFF317C2@D213004FADCFF317D2@D214504FADCFF317E2@D220004FADCFF317E2@D221504FADCFF317F2@D223004FADCFF317F2@D224504FADCFF31812@D230004FADCFF31822@D231504FADCFF31832@D233004FADCFF31852@D234504FADCFF31862@DD2022051400000004@D000004FADCFF31862@D001504FADCFF31872@D003004FADCFF31882@D004504FADCFF31882@D010004FADCFF31882@D011504FADCFF31892@D013004FADCFF318A2@D014504FADCFF318A2@D020004FADCFF318A2@D021504FADCFF318A2@D023004FADCFF31882@D024504FADCFF31862@D030004FADCFF31842@D031504FADCFF31822@D033004FADCFF317E2@D034504FADCFF317C2@D040004FADCFF317C2@D041504FADCFF317C2@D043004FADCFF317C2@D044504FADCFF317C2@D050004FADCFF317C2@D051504FADCFF317C2@D053004FADCFF317C2@D054504FADCFF317C2@D060004FADCFF317C2@D061504FADCFF317C2@D063004FADCFF317C2@D064504FADCFF317C2@D070004FADCFF317C2@D071504FADCFF317B2@D073004FADCFF317B2@D074504FADCFF317B2@D080004FADCFF317B2@D081504FADCFF317B2@D083004FADCFF317B2@D084504FADCFF317B2@D090004FADCFF317A2@D091504FADCFF317A2@D093004FADCFF317A2@D094504FADCFF31792@D100004FADCFF31792@D101504FADCFF31792@D103004FADCFF31782@D104504FADCFF31782@D110004FADCFF31782@D111504FADCFF31782@D113004FADCFF31782@D114504FADCFF31772@D120004FADCFF31772@D121504FADCFF31762@D123004FADCFF31762@D124504FADCFF31762@D130004FADCFF31752@D131504FADCFF31762@D133004FADCFF31762@D134504FADCFF31752@D140004FADCFF31762@D141504FADCFF31762@D143004FADCFF31762@D144504FADCFF31762@D150004FADCFF31772@D151504FADCFF31772@D153004FADCFF31772@D154504FADCFF31782@D160004FADCFF31782@D161504FADCFF31792@D163004FADCFF31792@D164504FADCFF31792@D170004FADCFF317A2@D171504FADCFF317A2@D173004FADCFF317B2@D174504FADCFF317C2@D180004FADCFF317C2@D181504FADCFF317D2@D183004FADCFF317E2@D184504FADCFF317F2@D190004FADCFF317F2@D191504FADCFF31802@D193004FADCFF31812@D194504FADCFF31812@D200004FADCFF31822@D201504FADCFF31822@D203004FADCFF31832@D204504FADCFF31842@D210004FADCFF31852@D211504FADCFF31852@D213004FADCFF31862@D214504FADCFF31872@D220004FADCFF31872@D221504FADCFF31882@D223004FADCFF31882@D224504FADCFF31892@D230004FADCFF318A2@D231504FADCFF318A2@D233004FADCFF318B2@D234504FADCFF318B2@DD2022051500000004@D000004FADCFF318B2@D001504FADCFF318C2@D003004FADCFF318C2@D004504FADCFF318B2@D010004FADCFF31892@D011504FADCFF31882@D013004FADCFF31882@D014504FADCFF31882@D020004FADCFF31872@D021504FADCFF31872@D023004FADCFF31872@D024504FADCFF31872@D030004FADCFF31872@D031504FADCFF31862@D033004FADCFF31842@D034504FADCFF31822@D040004FADCFF317F2@D041504FADCFF317C2@D043004FADCFF31792@D044504FADCFF31752@D050004FADCFF31722@D051504FADCFF31702@D053004FADCFF316D2@D054504FADCFF316B2@D060004FADCFF31692@D061504FADCFF31682@D063004FADCFF31672@D064504FADCFF31662@D070004FADCFF31662@D071504FADCFF31662@D073004FADCFF31662@D074504FADCFF31662@D080004FADCFF31652@D081504FADCFF31652@D083004FADCFF31652@D084504FADCFF31652@D090004FADCFF31652@D091504FADCFF31652@D093004FADCFF31642@D094504FADCFF31642@D100004FADCFF31642@D101504FADCFF31642@D103004FADCFF31642@D104504FADCFF31642@D110004FADCFF31642@D111504FADCFF31642@D113004FADCFF31642@D114504FADCFF31642@D120004FADCFF31642@D121504FADCFF31642@D123004FADCFF31642@D124504FADCFF31642@D130004FADCFF31642@D131504FADCFF31642@D133004FADCFF31642@D134504FADCFF31652@D140004FADCFF31652@D141504FADCFF31662@D143004FADCFF31662@D144504FADCFF31672@D150004FADCFF31682@D151504FADCFF31682@D153004FADCFF31692@D154504FADCFF316A2@D160004FADCFF316A2@D161504FADCFF316B2@D163004FADCFF316C2@D164504FADCFF316D2@D170004FADCFF316E2@D171504FADCFF316E2@D173004FADCFF316F2@D174504FADCFF31702@D180004FADCFF31712@D181504FADCFF31722@D183004FADCFF31722@D184504FADCFF31722@D190004FADCFF31732@D191504FADCFF31742@D193004FADCFF31752@D194504FADCFF31762@D200004FADCFF31772@D201504FADCFF31792@D203004FADCFF317A2@D204504FADCFF317B2@D210004FADCFF317D2@D211504FADCFF317E2@D213004FADCFF317F2@D214504FADCFF31812@D220004FADCFF31822@D221504FADCFF31822@D223004FADCFF31822@D224504FADCFF31822@D230004FADCFF31832@D231504FADCFF31822@D233004FADCFF31822@D234504FADCFF31832@E=$0023C0;D;2022/05/16,00:00:00+04;@001190
001190;@D000004FADCFF31822;@ADC
001198;@D001504FADCFF31822;@ADC
0011A0;@D003004FADCFF31832;@ADC
0011A8;@D004504FADCFF31832;@ADC
0011B0;@D010004FADCFF31832;@ADC
0011B8;@D011504FADCFF31832;@ADC
0011C0;@D013004FADCFF31832;@ADC
0011C8;@D014504FADCFF31832;@ADC
0011D0;@D020004FADCFF31832;@ADC
0011D8;@D021504FADCFF31832;@ADC
0011E0;@D023004FADCFF31832;@ADC
0011E8;@D024504FADCFF31822;@ADC
0011F0;@D030004FADCFF31822;@ADC
0011F8;@D031504FADCFF31812;@ADC
001200;@D033004FADCFF31812;@ADC
001208;@D034504FADCFF31802;@ADC
001210;@D040004FADCFF317F2;@ADC
001218;@D041504FADCFF317F2;@ADC
001220;@D043004FADCFF317E2;@ADC
001228;@D044504FADCFF317D2;@ADC
001230;@D050004FADCFF317C2;@ADC
001238;@D051504FADCFF317B2;@ADC
001240;@D053004FADCFF317A2;@ADC
001248;@D054504FADCFF31792;@ADC
001250;@D060004FADCFF31782;@ADC
001258;@D061504FADCFF31772;@ADC
001260;@D063004FADCFF31752;@ADC
001268;@D064504FADCFF31752;@ADC
001270;@D070004FADCFF31732;@ADC
001278;@D071504FADCFF31722;@ADC
001280;@D073004FADCFF31712;@ADC
001288;@D074504FADCFF316F2;@ADC
001290;@D080004FADCFF316E2;@ADC
001298;@D081504FADCFF316C2;@ADC
0012A0;@D083004FADCFF316B2;@ADC
0012A8;@D084504FADCFF316A2;@ADC
0012B0;@D090004FADCFF31682;@ADC
0012B8;@D091504FADCFF31672;@ADC
0012C0;@D093004FADCFF31652;@ADC
0012C8;@D094504FADCFF31652;@ADC
0012D0;@D100004FADCFF31652;@ADC
0012D8;@D101504FADCFF31662;@ADC
0012E0;@D103004FADCFF31662;@ADC
0012E8;@D104504FADCFF31672;@ADC
0012F0;@D110004FADCFF31682;@ADC
0012F8;@D111504FADCFF31692;@ADC
001300;@D113004FADCFF316A2;@ADC
001308;@D114504FADCFF316B2;@ADC
001310;@D120004FADCFF316C2;@ADC
001318;@D121504FADCFF316C2;@ADC
001320;@D123004FADCFF316D2;@ADC
001328;@D124504FADCFF316E2;@ADC
001330;@D130004FADCFF316F2;@ADC
001338;@D131504FADCFF31702;@ADC
001340;@D133004FADCFF31702;@ADC
001348;@D134504FADCFF31712;@ADC
001350;@D140004FADCFF31712;@ADC
001358;@D141504FADCFF316E2;@ADC
001360;@D143004FADCFF316C2;@ADC
001368;@D144504FADCFF316A2;@ADC
001370;@D150004FADCFF31692;@ADC
001378;@D151504FADCFF31672;@ADC
001380;@D153004FADCFF31672;@ADC
001388;@D154504FADCFF31662;@ADC
001390;@D160004FADCFF31652;@ADC
001398;@D161504FADCFF31652;@ADC
0013A0;@D163004FADCFF31642;@ADC
0013A8;@D164504FADCFF31642;@ADC
0013B0;@D170004FADCFF31642;@ADC
0013B8;@D171504FADCFF31632;@ADC
0013C0;@D173004FADCFF31632;@ADC
0013C8;@D174504FADCFF31632;@ADC
0013D0;@D180004FADCFF31622;@ADC
0013D8;@D181504FADCFF31622;@ADC
0013E0;@D183004FADCFF31632;@ADC
0013E8;@D184504FADCFF31632;@ADC
0013F0;@D190004FADCFF31632;@ADC
0013F8;@D191504FADCFF31632;@ADC
001400;@D193004FADCFF31632;@ADC
001408;@D194504FADCFF31642;@ADC
001410;@D200004FADCFF31652;@ADC
001418;@D201504FADCFF31662;@ADC
001420;@D203004FADCFF31672;@ADC
001428;@D204504FADCFF31682;@ADC
001430;@D210004FADCFF316A2;@ADC
001438;@D211504FADCFF316A2;@ADC
001440;@D213004FADCFF316C2;@ADC
001448;@D214504FADCFF316E2;@ADC
001450;@D220004FADCFF316F2;@ADC
001458;@D221504FADCFF31702;@ADC
001460;@D223004FADCFF31722;@ADC
001468;@D224504FADCFF31732;@ADC
001470;@D230004FADCFF31742;@ADC
001478;@D231504FADCFF31752;@ADC
001480;@D233004FADCFF31752;@ADC
001488;@D234504FADCFF31752;@ADC
001490;@DD2022051100000004;@
001498;@D000004FADCFF31752;@ADC
0014A0;@D001504FADCFF31752;@ADC
0014A8;@D003004FADCFF31762;@ADC
0014B0;@D004504FADCFF31762;@ADC
0014B8;@D010004FADCFF31762;@ADC
0014C0;@D011504FADCFF31762;@ADC
0014C8;@D013004FADCFF31762;@ADC
0014D0;@D014504FADCFF31752;@ADC
0014D8;@D020004FADCFF31752;@ADC
0014E0;@D021504FADCFF31752;@ADC
0014E8;@D023004FADCFF31752;@ADC
0014F0;@D024504FADCFF31742;@ADC
0014F8;@D030004FADCFF31742;@ADC
001500;@D031504FADCFF31732;@ADC
001508;@D033004FADCFF31722;@ADC
001510;@D034504FADCFF31722;@ADC
001518;@D040004FADCFF31722;@ADC
001520;@D041504FADCFF31712;@ADC
001528;@D043004FADCFF31702;@ADC
001530;@D044504FADCFF31702;@ADC
001538;@D050004FADCFF316F2;@ADC
001540;@D051504FADCFF316E2;@ADC
001548;@D053004FADCFF316D2;@ADC
001550;@D054504FADCFF316C2;@ADC
001558;@D060004FADCFF316B2;@ADC
001560;@D061504FADCFF316A2;@ADC
001568;@D063004FADCFF31692;@ADC
001570;@D064504FADCFF31682;@ADC
001578;@D070004FADCFF31672;@ADC
001580;@D071504FADCFF31662;@ADC
001588;@D073004FADCFF31652;@ADC
001590;@D074504FADCFF31642;@ADC
001598;@D080004FADCFF31622;@ADC
0015A0;@D081504FADCFF31612;@ADC
0015A8;@D083004FADCFF31602;@ADC
0015B0;@D084504FADCFF315E2;@ADC
0015B8;@D090004FADCFF315D2;@ADC
0015C0;@D091504FADCFF315C2;@ADC
0015C8;@D093004FADCFF315A2;@ADC
0015D0;@D094504FADCFF31592;@ADC
0015D8;@D100004FADCFF31592;@ADC
0015E0;@D101504FADCFF31582;@ADC
0015E8;@D103004FADCFF31582;@ADC
0015F0;@D104504FADCFF31592;@ADC
0015F8;@D110004FADCFF31592;@ADC
001600;@D111504FADCFF31592;@ADC
001608;@D113004FADCFF315A2;@ADC
001610;@D114504FADCFF315A2;@ADC
001618;@D120004FADCFF315B2;@ADC
001620;@D121504FADCFF315B2;@ADC
001628;@D123004FADCFF315C2;@ADC
001630;@D124504FADCFF315D2;@ADC
001638;@D130004FADCFF315E2;@ADC
001640;@D131504FADCFF315E2;@ADC
001648;@D133004FADCFF315F2;@ADC
001650;@D134504FADCFF315F2;@ADC
001658;@D140004FADCFF31602;@ADC
001660;@D141504FADCFF31612;@ADC
001668;@D143004FADCFF31612;@ADC
001670;@D144504FADCFF31612;@ADC
001678;@D150004FADCFF31612;@ADC
001680;@D151504FADCFF31622;@ADC
001688;@D153004FADCFF31622;@ADC
001690;@D154504FADCFF31622;@ADC
001698;@D160004FADCFF31622;@ADC
0016A0;@D161504FADCFF31632;@ADC
0016A8;@D163004FADCFF31632;@ADC
0016B0;@D164504FADCFF31632;@ADC
0016B8;@D170004FADCFF31642;@ADC
0016C0;@D171504FADCFF31642;@ADC
0016C8;@D173004FADCFF31652;@ADC
0016D0;@D174504FADCFF31662;@ADC
0016D8;@D180004FADCFF31672;@ADC
0016E0;@D181504FADCFF31672;@ADC
0016E8;@D183004FADCFF31682;@ADC
0016F0;@D184504FADCFF31692;@ADC
0016F8;@D190004FADCFF31692;@ADC
001700;@D191504FADCFF31692;@ADC
001708;@D193004FADCFF316A2;@ADC
001710;@D194504FADCFF316B2;@ADC
001718;@D200004FADCFF316C2;@ADC
001720;@D201504FADCFF316C2;@ADC
001728;@D203004FADCFF316D2;@ADC
001730;@D204504FADCFF316D2;@ADC
001738;@D210004FADCFF316E2;@ADC
001740;@D211504FADCFF316E2;@ADC
001748;@D213004FADCFF316F2;@ADC
001750;@D214504FADCFF316F2;@ADC
001758;@D220004FADCFF31702;@ADC
001760;@D221504FADCFF31712;@ADC
001768;@D223004FADCFF31722;@ADC
001770;@D224504FADCFF31732;@ADC
001778;@D230004FADCFF31742;@ADC
001780;@D231504FADCFF31742;@ADC
001788;@D233004FADCFF31752;@ADC
001790;@D234504FADCFF31762;@ADC
001798;@DD2022051200000004;@
0017A0;@D000004FADCFF31762;@ADC
0017A8;@D001504FADCFF31762;@ADC
0017B0;@D003004FADCFF31772;@ADC
0017B8;@D004504FADCFF31772;@ADC
0017C0;@D010004FADCFF31782;@ADC
0017C8;@D011504FADCFF31792;@ADC
0017D0;@D013004FADCFF31792;@ADC
0017D8;@D014504FADCFF317A2;@ADC
0017E0;@D020004FADCFF317A2;@ADC
0017E8;@D021504FADCFF317A2;@ADC
0017F0;@D023004FADCFF317A2;@ADC
0017F8;@D024504FADCFF317A2;@ADC
001800;@D030004FADCFF317A2;@ADC
001808;@D031504FADCFF317A2;@ADC
001810;@D033004FADCFF317A2;@ADC
001818;@D034504FADCFF317A2;@ADC
001820;@D040004FADCFF317A2;@ADC
001828;@D041504FADCFF31792;@ADC
001830;@D043004FADCFF31792;@ADC
001838;@D044504FADCFF31782;@ADC
001840;@D050004FADCFF31782;@ADC
001848;@D051504FADCFF31782;@ADC
001850;@D053004FADCFF31772;@ADC
001858;@D054504FADCFF31762;@ADC
001860;@D060004FADCFF31752;@ADC
001868;@D061504FADCFF31752;@ADC
001870;@D063004FADCFF31742;@ADC
001878;@D064504FADCFF31732;@ADC
001880;@D070004FADCFF31732;@ADC
001888;@D071504FADCFF31722;@ADC
001890;@D073004FADCFF31712;@ADC
001898;@D074504FADCFF31702;@ADC
0018A0;@D080004FADCFF316F2;@ADC
0018A8;@D081504FADCFF316E2;@ADC
0018B0;@D083004FADCFF316D2;@ADC
0018B8;@D084504FADCFF316C2;@ADC
0018C0;@D090004FADCFF316B2;@ADC
0018C8;@D091504FADCFF316A2;@ADC
0018D0;@D093004FADCFF31692;@ADC
0018D8;@D094504FADCFF31682;@ADC
0018E0;@D100004FADCFF31672;@ADC
0018E8;@D101504FADCFF31672;@ADC
0018F0;@D103004FADCFF31662;@ADC
0018F8;@D104504FADCFF31662;@ADC
001900;@D110004FADCFF31652;@ADC
001908;@D111504FADCFF31652;@ADC
001910;@D113004FADCFF31642;@ADC
001918;@D114504FADCFF31642;@ADC
001920;@D120004FADCFF31642;@ADC
001928;@D121504FADCFF31642;@ADC
001930;@D123004FADCFF31642;@ADC
001938;@D124504FADCFF31642;@ADC
001940;@D130004FADCFF31642;@ADC
001948;@D131504FADCFF31642;@ADC
001950;@D133004FADCFF31632;@ADC
001958;@D134504FADCFF31632;@ADC
001960;@D140004FADCFF31642;@ADC
001968;@D141504FADCFF31632;@ADC
001970;@D143004FADCFF31632;@ADC
001978;@D144504FADCFF31632;@ADC
001980;@D150004FADCFF31632;@ADC
001988;@D151504FADCFF31642;@ADC
001990;@D153004FADCFF31642;@ADC
001998;@D154504FADCFF31642;@ADC
0019A0;@D160004FADCFF31642;@ADC
0019A8;@D161504FADCFF31652;@ADC
0019B0;@D163004FADCFF31662;@ADC
0019B8;@D164504FADCFF31662;@ADC
0019C0;@D170004FADCFF31672;@ADC
0019C8;@D171504FADCFF31682;@ADC
0019D0;@D173004FADCFF31692;@ADC
0019D8;@D174504FADCFF316A2;@ADC
0019E0;@D180004FADCFF316B2;@ADC
0019E8;@D181504FADCFF316C2;@ADC
0019F0;@D183004FADCFF316D2;@ADC
0019F8;@D184504FADCFF316E2;@ADC
001A00;@D190004FADCFF316F2;@ADC
001A08;@D191504FADCFF31702;@ADC
001A10;@D193004FADCFF31702;@ADC
001A18;@D194504FADCFF31722;@ADC
001A20;@D200004FADCFF31722;@ADC
001A28;@D201504FADCFF31732;@ADC
001A30;@D203004FADCFF31742;@ADC
001A38;@D204504FADCFF31752;@ADC
001A40;@D210004FADCFF31762;@ADC
001A48;@D211504FADCFF31772;@ADC
001A50;@D213004FADCFF31782;@ADC
001A58;@D214504FADCFF31792;@ADC
001A60;@D220004FADCFF31792;@ADC
001A68;@D221504FADCFF317B2;@ADC
001A70;@D223004FADCFF317B2;@ADC
001A78;@D224504FADCFF317B2;@ADC
001A80;@D230004FADCFF317D2;@ADC
001A88;@D231504FADCFF317E2;@ADC
001A90;@D233004FADCFF317F2;@ADC
001A98;@D234504FADCFF317F2;@ADC
001AA0;@DD2022051300000004;@
001AA8;@D000004FADCFF31802;@ADC
001AB0;@D001504FADCFF31802;@ADC
001AB8;@D003004FADCFF31812;@ADC
001AC0;@D004504FADCFF31822;@ADC
001AC8;@D010004FADCFF31832;@ADC
001AD0;@D011504FADCFF31832;@ADC
001AD8;@D013004FADCFF31842;@ADC
001AE0;@D014504FADCFF31852;@ADC
001AE8;@D020004FADCFF31852;@ADC
001AF0;@D021504FADCFF31862;@ADC
001AF8;@D023004FADCFF31872;@ADC
001B00;@D024504FADCFF31872;@ADC
001B08;@D030004FADCFF31872;@ADC
001B10;@D031504FADCFF31872;@ADC
001B18;@D033004FADCFF31882;@ADC
001B20;@D034504FADCFF31882;@ADC
001B28;@D040004FADCFF31882;@ADC
001B30;@D041504FADCFF31882;@ADC
001B38;@D043004FADCFF31882;@ADC
001B40;@D044504FADCFF31882;@ADC
001B48;@D050004FADCFF31872;@ADC
001B50;@D051504FADCFF31872;@ADC
001B58;@D053004FADCFF31872;@ADC
001B60;@D054504FADCFF31862;@ADC
001B68;@D060004FADCFF31862;@ADC
001B70;@D061504FADCFF31862;@ADC
001B78;@D063004FADCFF31862;@ADC
001B80;@D064504FADCFF31852;@ADC
001B88;@D070004FADCFF31842;@ADC
001B90;@D071504FADCFF31842;@ADC
001B98;@D073004FADCFF31842;@ADC
001BA0;@D074504FADCFF31832;@ADC
001BA8;@D080004FADCFF31832;@ADC
001BB0;@D081504FADCFF31822;@ADC
001BB8;@D083004FADCFF31822;@ADC
001BC0;@D084504FADCFF31812;@ADC
001BC8;@D090004FADCFF31802;@ADC
001BD0;@D091504FADCFF31802;@ADC
001BD8;@D093004FADCFF317F2;@ADC
001BE0;@D094504FADCFF317F2;@ADC
001BE8;@D100004FADCFF317E2;@ADC
001BF0;@D101504FADCFF317E2;@ADC
001BF8;@D103004FADCFF317D2;@ADC
001C00;@D104504FADCFF317D2;@ADC
001C08;@D110004FADCFF317C2;@ADC
001C10;@D111504FADCFF317C2;@ADC
001C18;@D113004FADCFF317B2;@ADC
001C20;@D114504FADCFF317B2;@ADC
001C28;@D120004FADCFF317A2;@ADC
001C30;@D121504FADCFF31792;@ADC
001C38;@D123004FADCFF31792;@ADC
001C40;@D124504FADCFF31792;@ADC
001C48;@D130004FADCFF31782;@ADC
001C50;@D131504FADCFF31782;@ADC
001C58;@D133004FADCFF31782;@ADC
001C60;@D134504FADCFF31782;@ADC
001C68;@D140004FADCFF31782;@ADC
001C70;@D141504FADCFF31782;@ADC
001C78;@D143004FADCFF31782;@ADC
001C80;@D144504FADCFF31782;@ADC
001C88;@D150004FADCFF31782;@ADC
001C90;@D151504FADCFF31782;@ADC
001C98;@D153004FADCFF31792;@ADC
001CA0;@D154504FADCFF31782;@ADC
001CA8;@D160004FADCFF31782;@ADC
001CB0;@D161504FADCFF31782;@ADC
001CB8;@D163004FADCFF31782;@ADC
001CC0;@D164504FADCFF31792;@ADC
001CC8;@D170004FADCFF31782;@ADC
001CD0;@D171504FADCFF31782;@ADC
001CD8;@D173004FADCFF31782;@ADC
001CE0;@D174504FADCFF31772;@ADC
001CE8;@D180004FADCFF31772;@ADC
001CF0;@D181504FADCFF31772;@ADC
001CF8;@D183004FADCFF31782;@ADC
001D00;@D184504FADCFF31782;@ADC
001D08;@D190004FADCFF31782;@ADC
001D10;@D191504FADCFF31782;@ADC
001D18;@D193004FADCFF31792;@ADC
001D20;@D194504FADCFF31792;@ADC
001D28;@D200004FADCFF31792;@ADC
001D30;@D201504FADCFF31792;@ADC
001D38;@D203004FADCFF317A2;@ADC
001D40;@D204504FADCFF317B2;@ADC
001D48;@D210004FADCFF317B2;@ADC
001D50;@D211504FADCFF317C2;@ADC
001D58;@D213004FADCFF317D2;@ADC
001D60;@D214504FADCFF317E2;@ADC
001D68;@D220004FADCFF317E2;@ADC
001D70;@D221504FADCFF317F2;@ADC
001D78;@D223004FADCFF317F2;@ADC
001D80;@D224504FADCFF31812;@ADC
001D88;@D230004FADCFF31822;@ADC
001D90;@D231504FADCFF31832;@ADC
001D98;@D233004FADCFF31852;@ADC
001DA0;@D234504FADCFF31862;@ADC
001DA8;@DD2022051400000004;@
001DB0;@D000004FADCFF31862;@ADC
001DB8;@D001504FADCFF31872;@ADC
001DC0;@D003004FADCFF31882;@ADC
001DC8;@D004504FADCFF31882;@ADC
001DD0;@D010004FADCFF31882;@ADC
001DD8;@D011504FADCFF31892;@ADC
001DE0;@D013004FADCFF318A2;@ADC
001DE8;@D014504FADCFF318A2;@ADC
001DF0;@D020004FADCFF318A2;@ADC
001DF8;@D021504FADCFF318A2;@ADC
001E00;@D023004FADCFF31882;@ADC
001E08;@D024504FADCFF31862;@ADC
001E10;@D030004FADCFF31842;@ADC
001E18;@D031504FADCFF31822;@ADC
001E20;@D033004FADCFF317E2;@ADC
001E28;@D034504FADCFF317C2;@ADC
001E30;@D040004FADCFF317C2;@ADC
001E38;@D041504FADCFF317C2;@ADC
001E40;@D043004FADCFF317C2;@ADC
001E48;@D044504FADCFF317C2;@ADC
001E50;@D050004FADCFF317C2;@ADC
001E58;@D051504FADCFF317C2;@ADC
001E60;@D053004FADCFF317C2;@ADC
001E68;@D054504FADCFF317C2;@ADC
001E70;@D060004FADCFF317C2;@ADC
001E78;@D061504FADCFF317C2;@ADC
001E80;@D063004FADCFF317C2;@ADC
001E88;@D064504FADCFF317C2;@ADC
001E90;@D070004FADCFF317C2;@ADC
001E98;@D071504FADCFF317B2;@ADC
001EA0;@D073004FADCFF317B2;@ADC
001EA8;@D074504FADCFF317B2;@ADC
001EB0;@D080004FADCFF317B2;@ADC
001EB8;@D081504FADCFF317B2;@ADC
001EC0;@D083004FADCFF317B2;@ADC
001EC8;@D084504FADCFF317B2;@ADC
001ED0;@D090004FADCFF317A2;@ADC
001ED8;@D091504FADCFF317A2;@ADC
001EE0;@D093004FADCFF317A2;@ADC
001EE8;@D094504FADCFF31792;@ADC
001EF0;@D100004FADCFF31792;@ADC
001EF8;@D101504FADCFF31792;@ADC
001F00;@D103004FADCFF31782;@ADC
001F08;@D104504FADCFF31782;@ADC
001F10;@D110004FADCFF31782;@ADC
001F18;@D111504FADCFF31782;@ADC
001F20;@D113004FADCFF31782;@ADC
001F28;@D114504FADCFF31772;@ADC
001F30;@D120004FADCFF31772;@ADC
001F38;@D121504FADCFF31762;@ADC
001F40;@D123004FADCFF31762;@ADC
001F48;@D124504FADCFF31762;@ADC
001F50;@D130004FADCFF31752;@ADC
001F58;@D131504FADCFF31762;@ADC
001F60;@D133004FADCFF31762;@ADC
001F68;@D134504FADCFF31752;@ADC
001F70;@D140004FADCFF31762;@ADC
001F78;@D141504FADCFF31762;@ADC
001F80;@D143004FADCFF31762;@ADC
001F88;@D144504FADCFF31762;@ADC
001F90;@D150004FADCFF31772;@ADC
001F98;@D151504FADCFF31772;@ADC
001FA0;@D153004FADCFF31772;@ADC
001FA8;@D154504FADCFF31782;@ADC
001FB0;@D160004FADCFF31782;@ADC
001FB8;@D161504FADCFF31792;@ADC
001FC0;@D163004FADCFF31792;@ADC
001FC8;@D164504FADCFF31792;@ADC
001FD0;@D170004FADCFF317A2;@ADC
001FD8;@D171504FADCFF317A2;@ADC
001FE0;@D173004FADCFF317B2;@ADC
001FE8;@D174504FADCFF317C2;@ADC
001FF0;@D180004FADCFF317C2;@ADC
001FF8;@D181504FADCFF317D2;@ADC
002000;@D183004FADCFF317E2;@ADC
002008;@D184504FADCFF317F2;@ADC
002010;@D190004FADCFF317F2;@ADC
002018;@D191504FADCFF31802;@ADC
002020;@D193004FADCFF31812;@ADC
002028;@D194504FADCFF31812;@ADC
002030;@D200004FADCFF31822;@ADC
002038;@D201504FADCFF31822;@ADC
002040;@D203004FADCFF31832;@ADC
002048;@D204504FADCFF31842;@ADC
002050;@D210004FADCFF31852;@ADC
002058;@D211504FADCFF31852;@ADC
002060;@D213004FADCFF31862;@ADC
002068;@D214504FADCFF31872;@ADC
002070;@D220004FADCFF31872;@ADC
002078;@D221504FADCFF31882;@ADC
002080;@D223004FADCFF31882;@ADC
002088;@D224504FADCFF31892;@ADC
002090;@D230004FADCFF318A2;@ADC
002098;@D231504FADCFF318A2;@ADC
0020A0;@D233004FADCFF318B2;@ADC
0020A8;@D234504FADCFF318B2;@ADC
0020B0;@DD2022051500000004;@
0020B8;@D000004FADCFF318B2;@ADC
0020C0;@D001504FADCFF318C2;@ADC
0020C8;@D003004FADCFF318C2;@ADC
0020D0;@D004504FADCFF318B2;@ADC
0020D8;@D010004FADCFF31892;@ADC
0020E0;@D011504FADCFF31882;@ADC
0020E8;@D013004FADCFF31882;@ADC
0020F0;@D014504FADCFF31882;@ADC
0020F8;@D020004FADCFF31872;@ADC
002100;@D021504FADCFF31872;@ADC
002108;@D023004FADCFF31872;@ADC
002110;@D024504FADCFF31872;@ADC
002118;@D030004FADCFF31872;@ADC
002120;@D031504FADCFF31862;@ADC
002128;@D033004FADCFF31842;@ADC
002130;@D034504FADCFF31822;@ADC
002138;@D040004FADCFF317F2;@ADC
002140;@D041504FADCFF317C2;@ADC
002148;@D043004FADCFF31792;@ADC
002150;@D044504FADCFF31752;@ADC
002158;@D050004FADCFF31722;@ADC
002160;@D051504FADCFF31702;@ADC
002168;@D053004FADCFF316D2;@ADC
002170;@D054504FADCFF316B2;@ADC
002178;@D060004FADCFF31692;@ADC
002180;@D061504FADCFF31682;@ADC
002188;@D063004FADCFF31672;@ADC
002190;@D064504FADCFF31662;@ADC
002198;@D070004FADCFF31662;@ADC
0021A0;@D071504FADCFF31662;@ADC
0021A8;@D073004FADCFF31662;@ADC
0021B0;@D074504FADCFF31662;@ADC
0021B8;@D080004FADCFF31652;@ADC
0021C0;@D081504FADCFF31652;@ADC
0021C8;@D083004FADCFF31652;@ADC
0021D0;@D084504FADCFF31652;@ADC
0021D8;@D090004FADCFF31652;@ADC
0021E0;@D091504FADCFF31652;@ADC
0021E8;@D093004FADCFF31642;@ADC
0021F0;@D094504FADCFF31642;@ADC
0021F8;@D100004FADCFF31642;@ADC
002200;@D101504FADCFF31642;@ADC
002208;@D103004FADCFF31642;@ADC
002210;@D104504FADCFF31642;@ADC
002218;@D110004FADCFF31642;@ADC
002220;@D111504FADCFF31642;@ADC
002228;@D113004FADCFF31642;@ADC
002230;@D114504FADCFF31642;@ADC
002238;@D120004FADCFF31642;@ADC
002240;@D121504FADCFF31642;@ADC
002248;@D123004FADCFF31642;@ADC
002250;@D124504FADCFF31642;@ADC
002258;@D130004FADCFF31642;@ADC
002260;@D131504FADCFF31642;@ADC
002268;@D133004FADCFF31642;@ADC
002270;@D134504FADCFF31652;@ADC
002278;@D140004FADCFF31652;@ADC
002280;@D141504FADCFF31662;@ADC
002288;@D143004FADCFF31662;@ADC
002290;@D144504FADCFF31672;@ADC
002298;@D150004FADCFF31682;@ADC
0022A0;@D151504FADCFF31682;@ADC
0022A8;@D153004FADCFF31692;@ADC
0022B0;@D154504FADCFF316A2;@ADC
0022B8;@D160004FADCFF316A2;@ADC
0022C0;@D161504FADCFF316B2;@ADC
0022C8;@D163004FADCFF316C2;@ADC
0022D0;@D164504FADCFF316D2;@ADC
0022D8;@D170004FADCFF316E2;@ADC
0022E0;@D171504FADCFF316E2;@ADC
0022E8;@D173004FADCFF316F2;@ADC
0022F0;@D174504FADCFF31702;@ADC
0022F8;@D180004FADCFF31712;@ADC
002300;@D181504FADCFF31722;@ADC
002308;@D183004FADCFF31722;@ADC
002310;@D184504FADCFF31722;@ADC
002318;@D190004FADCFF31732;@ADC
002320;@D191504FADCFF31742;@ADC
002328;@D193004FADCFF31752;@ADC
002330;@D194504FADCFF31762;@ADC
002338;@D200004FADCFF31772;@ADC
002340;@D201504FADCFF31792;@ADC
002348;@D203004FADCFF317A2;@ADC
002350;@D204504FADCFF317B2;@ADC
002358;@D210004FADCFF317D2;@ADC
002360;@D211504FADCFF317E2;@ADC
002368;@D213004FADCFF317F2;@ADC
002370;@D214504FADCFF31812;@ADC
002378;@D220004FADCFF31822;@ADC
002380;@D221504FADCFF31822;@ADC
002388;@D223004FADCFF31822;@ADC
002390;@D224504FADCFF31822;@ADC
002398;@D230004FADCFF31832;@ADC
0023A0;@D231504FADCFF31822;@ADC
0023A8;@D233004FADCFF31822;@ADC
0023B0;@D234504FADCFF31832;@ADC
@E=$0023C0;D;2022/05/16,00:00:00+04;@0023C0
@DD2022051600000004@D000004FADCFF31832@D001504FADCFF31832@D003004FADCFF31842@D004504FADCFF31832@D010004FADCFF31812@D011504FADCFF317F2@D013004FADCFF317D2@D014504FADCFF317B2@D020004FADCFF31792@D021504FADCFF31772@D023004FADCFF31772@D024504FADCFF31772@D030004FADCFF31772@D031504FADCFF31772@D033004FADCFF31772@D034504FADCFF31772@D040004FADCFF31772@D041504FADCFF31772@D043004FADCFF31772@D044504FADCFF31782@D050004FADCFF31782@D051504FADCFF31782@D053004FADCFF31782@D054504FADCFF31772@D060004FADCFF31782@D061504FADCFF31782@D063004FADCFF31772@D064504FADCFF31772@D070004FADCFF31772@D071504FADCFF31772@D073004FADCFF31772@D074504FADCFF31762@D080004FADCFF31762@D081504FADCFF31762@D083004FADCFF31762@D084504FADCFF31752@D090004FADCFF31752@D091504FADCFF31752@D093004FADCFF31752@D094504FADCFF31742@D100004FADCFF31742@D101504FADCFF31742@D103004FADCFF31742@D104504FADCFF31742;@0023C0
0023C0;@DD2022051600000004;@
0023C8;@D000004FADCFF31832;@ADC
0023D0;@D001504FADCFF31832;@ADC
0023D8;@D003004FADCFF31842;@ADC
0023E0;@D004504FADCFF31832;@ADC
0023E8;@D010004FADCFF31812;@ADC
0023F0;@D011504FADCFF317F2;@ADC
0023F8;@D013004FADCFF317D2;@ADC
002400;@D014504FADCFF317B2;@ADC
002408;@D020004FADCFF31792;@ADC
002410;@D021504FADCFF31772;@ADC
002418;@D023004FADCFF31772;@ADC
002420;@D024504FADCFF31772;@ADC
002428;@D030004FADCFF31772;@ADC
002430;@D031504FADCFF31772;@ADC
002438;@D033004FADCFF31772;@ADC
002440;@D034504FADCFF31772;@ADC
002448;@D040004FADCFF31772;@ADC
002450;@D041504FADCFF31772;@ADC
002458;@D043004FADCFF31772;@ADC
002460;@D044504FADCFF31782;@ADC
002468;@D050004FADCFF31782;@ADC
002470;@D051504FADCFF31782;@ADC
002478;@D053004FADCFF31782;@ADC
002480;@D054504FADCFF31772;@ADC
002488;@D060004FADCFF31782;@ADC
002490;@D061504FADCFF31782;@ADC
002498;@D063004FADCFF31772;@ADC
0024A0;@D064504FADCFF31772;@ADC
0024A8;@D070004FADCFF31772;@ADC
0024B0;@D071504FADCFF31772;@ADC
0024B8;@D073004FADCFF31772;@ADC
0024C0;@D074504FADCFF31762;@ADC
0024C8;@D080004FADCFF31762;@ADC
0024D0;@D081504FADCFF31762;@ADC
0024D8;@D083004FADCFF31762;@ADC
0024E0;@D084504FADCFF31752;@ADC
0024E8;@D090004FADCFF31752;@ADC
0024F0;@D091504FADCFF31752;@ADC
0024F8;@D093004FADCFF31752;@ADC
002500;@D094504FADCFF31742;@ADC
002508;@D100004FADCFF31742;@ADC
002510;@D101504FADCFF31742;@ADC
002518;@D103004FADCFF31742;@ADC
002520;@D104504FADCFF31742;@ADC
@DD2022051600000004@D000004FADCFF31832@D001504FADCFF31832@D003004FADCFF31842@D004504FADCFF31832@D010004FADCFF31812@D011504FADCFF317F2@D013004FADCFF317D2@D014504FADCFF317B2@D020004FADCFF31792@D021504FADCFF31772@D023004FADCFF31772@D024504FADCFF31772@D030004FADCFF31772@D031504FADCFF31772@D033004FADCFF31772@D034504FADCFF31772@D040004FADCFF31772@D041504FADCFF31772@D043004FADCFF31772@D044504FADCFF31782@D050004FADCFF31782@D051504FADCFF31782@D053004FADCFF31782@D054504FADCFF31772@D060004FADCFF31782@D061504FADCFF31782@D063004FADCFF31772@D064504FADCFF31772@D070004FADCFF31772@D071504FADCFF31772@D073004FADCFF31772@D074504FADCFF31762@D080004FADCFF31762@D081504FADCFF31762@D083004FADCFF31762@D084504FADCFF31752@D090004FADCFF31752@D091504FADCFF31752@D093004FADCFF31752@D094504FADCFF31742@D100004FADCFF31742@D101504FADCFF31742@D103004FADCFF31742@D104504FADCFF31742@D110004FADCFF31732@D111504FADCFF31732@D113004FADCFF31732@D114504FADCFF31732@D120004FADCFF31732@D121504FADCFF31732@D123004FADCFF31732@D124504FADCFF31732@D130004FADCFF31732@D131504FADCFF31742@D133004FADCFF31742@D134504FADCFF31752@D140004FADCFF31742@D141504FADCFF31752@D143004FADCFF31752@D144504FADCFF31752@D150004FADCFF31752@D151504FADCFF31762@D153004FADCFF31762@D154504FADCFF31762@D160004FADCFF31762@D161504FADCFF31762@D163004FADCFF31772@D164504FADCFF31762@D170004FADCFF31772@D171504FADCFF31772@D173004FADCFF31782@D174504FADCFF31782@D180004FADCFF31792@D181504FADCFF31792@D183004FADCFF317B2@D184504FADCFF317B2@D190004FADCFF317C2@D191504FADCFF317D2@D193004FADCFF317D2@D194504FADCFF317E2@D200004FADCFF31802@D201504FADCFF31822@D203004FADCFF31832@D204504FADCFF31842@D210004FADCFF31842@D211504FADCFF31852@D213004FADCFF31862@D214504FADCFF31872@D220004FADCFF31882@D221504FADCFF31882@D223004FADCFF31882@D224504FADCFF31892@D230004FADCFF318A2@D231504FADCFF31892@D233004FADCFF31892@D234504FADCFF31882@DD2022051700000004@D000004FADCFF31882@D001504FADCFF31872@D003004FADCFF31852@D004504FADCFF31832@D010004FADCFF31812@D011504FADCFF31802@D013004FADCFF31802@D014504FADCFF31812@D020004FADCFF31812@D021504FADCFF31812@D023004FADCFF31812@D024504FADCFF31802@D030004FADCFF31802@D031504FADCFF31812@D033004FADCFF317E2@D034504FADCFF317C2@D040004FADCFF317B2@D041504FADCFF317A2@D043004FADCFF317A2@D044504FADCFF31792@D050004FADCFF31792@D051504FADCFF31792@D053004FADCFF31792@D054504FADCFF31792@D060004FADCFF31782@D061504FADCFF31782@D063004FADCFF31772@D064504FADCFF31772@D070004FADCFF31762@D071504FADCFF31752@D073004FADCFF31752@D074504FADCFF31742@D080004FADCFF31732@D081504FADCFF31722@D083004FADCFF31722@D084504FADCFF31712@D090004FADCFF31702@D091504FADCFF316F2@D093004FADCFF316E2@D094504FADCFF316D2@D100004FADCFF316C2@D101504FADCFF316B2@D103004FADCFF316A2@D104504FADCFF31692@D110004FADCFF31682@D111504FADCFF31672@D113004FADCFF31672@D114504FADCFF31662@D120004FADCFF31652@D121504FADCFF31652@D123004FADCFF31652@D124504FADCFF31652@D130004FADCFF31652@D131504FADCFF31662@D133004FADCFF31662@D134504FADCFF31672@D140004FADCFF31672@D141504FADCFF31682@D143004FADCFF31692@D144504FADCFF31692@D150004FADCFF31692@D151504FADCFF316A2@D153004FADCFF316A2@D154504FADCFF316B2@D160004FADCFF316B2@D161504FADCFF316C2@D163004FADCFF316D2@D164504FADCFF316D2@D170004FADCFF316E2@D171504FADCFF316F2@D173004FADCFF31702@D174504FADCFF31712@D180004FADCFF31712@D181504FADCFF31722@D183004FADCFF31732@D184504FADCFF31742@D190004FADCFF31742@D191504FADCFF31752@D193004FADCFF31762@D194504FADCFF31762@D200004FADCFF31772@D201504FADCFF31792@D203004FADCFF317A2@D204504FADCFF317B2@D210004FADCFF317C2@D211504FADCFF317D2@D213004FADCFF317E2@D214504FADCFF317F2@D220004FADCFF31802@D221504FADCFF31802@D223004FADCFF31802@D224504FADCFF31802@D230004FADCFF31812@D231504FADCFF31822@D233004FADCFF31822@D234504FADCFF31822@DD2022051800000004@D000004FADCFF31832@D001504FADCFF31842@D003004FADCFF31872@D004504FADCFF31882@D010004FADCFF31872@D011504FADCFF31862@D013004FADCFF31852@D014504FADCFF31862@D020004FADCFF31852@D021504FADCFF31852@D023004FADCFF31852@D024504FADCFF31852@D030004FADCFF31852@D031504FADCFF31852@D033004FADCFF31842@D034504FADCFF31842@D040004FADCFF31842@D041504FADCFF31842@D043004FADCFF31832@D044504FADCFF31832@D050004FADCFF31832@D051504FADCFF31832@D053004FADCFF31822@D054504FADCFF31822@D060004FADCFF31812@D061504FADCFF31802@D063004FADCFF317F2@D064504FADCFF317F2@D070004FADCFF317E2@D071504FADCFF317D2@D073004FADCFF317C2@D074504FADCFF317C2@D080004FADCFF317B2@D081504FADCFF317A2@D083004FADCFF31792@D084504FADCFF31782@D090004FADCFF31782@D091504FADCFF31762@D093004FADCFF31762@D094504FADCFF31752@D100004FADCFF31742@D101504FADCFF31732@D103004FADCFF31722@D104504FADCFF31712@D110004FADCFF31702@D111504FADCFF31702@D113004FADCFF316F2@D114504FADCFF316E2@D120004FADCFF316D2@D121504FADCFF316D2@D123004FADCFF316D2@D124504FADCFF31672@D130004FADCFF315F2@D131504FADCFF315C2@D133004FADCFF315D2@D134504FADCFF31672@D140004FADCFF31662@D141504FADCFF31612@D143004FADCFF315F2@D144504FADCFF315C2@D150004FADCFF315A2@D151504FADCFF31582@D153004FADCFF31572@D154504FADCFF31552@D160004FADCFF31542@D161504FADCFF31532@D163004FADCFF31522@D164504FADCFF31522@D170004FADCFF31512@D171504FADCFF31512@D173004FADCFF31512@D174504FADCFF31502@D180004FADCFF31502@D181504FADCFF31502@D183004FADCFF31502@D184504FADCFF31502@D190004FADCFF31502@D191504FADCFF31512@D193004FADCFF31512@D194504FADCFF31512@D200004FADCFF31512@D201504FADCFF31512@D203004FADCFF31512@D204504FADCFF31512@D210004FADCFF31512@D211504FADCFF31512@D213004FADCFF31512@D214504FADCFF31522@D220004FADCFF31522@D221504FADCFF31522@D223004FADCFF31522@D224504FADCFF31522@D230004FADCFF31522@D231504FADCFF31532@D233004FADCFF31522@D234504FADCFF31532@DD2022051900000004@D000004FADCFF31532@D001504FADCFF31532@D003004FADCFF31532@D004504FADCFF31532@D010004FADCFF31532@D011504FADCFF31532@D013004FADCFF31532@D014504FADCFF31532@D020004FADCFF31532@D021504FADCFF31532@D023004FADCFF31532@D024504FADCFF31532@D030004FADCFF31532@D031504FADCFF31532@D033004FADCFF31532@D034504FADCFF31532@D040004FADCFF31522@D041504FADCFF31532@D043004FADCFF31522@D044504FADCFF31532@D050004FADCFF31522@D051504FADCFF31522@D053004FADCFF31522@D054504FADCFF31522@D060004FADCFF31522@D061504FADCFF31512@D063004FADCFF31512@D064504FADCFF31512@D070004FADCFF31512@D071504FADCFF31512@D073004FADCFF31512@D074504FADCFF31502@D080004FADCFF31502@D081504FADCFF31502@D083004FADCFF31502@D084504FADCFF31502@D090004FADCFF31502@D091504FADCFF314F2@D093004FADCFF314F2@D094504FADCFF314F2@D100004FADCFF314F2@D101504FADCFF314F2@D103004FADCFF314E2@D104504FADCFF314E2@D110004FADCFF314E2@D111504FADCFF314E2@D113004FADCFF314E2@D114504FADCFF314E2@D120004FADCFF314E2@D121504FADCFF314E2@D123004FADCFF314E2@D124504FADCFF314E2@D130004FADCFF314D2@D131504FADCFF314D2@D133004FADCFF314E2@D134504FADCFF314E2@D140004FADCFF314E2@D141504FADCFF314D2@D143004FADCFF314E2@D144504FADCFF314E2@D150004FADCFF314E2@D151504FADCFF314E2@D153004FADCFF314F2@D154504FADCFF314F2@D160004FADCFF31502@D161504FADCFF31502@D163004FADCFF31512@D164504FADCFF31512@D170004FADCFF31512@D171504FADCFF31512@D173004FADCFF31522@D174504FADCFF31522@D180004FADCFF31532@D181504FADCFF31532@D183004FADCFF31532@D184504FADCFF31542@D190004FADCFF31542@D191504FADCFF31552@D193004FADCFF31552@D194504FADCFF31552@D200004FADCFF31562@D201504FADCFF31562@D203004FADCFF31572@D204504FADCFF31572@D210004FADCFF31572@D211504FADCFF31582@D213004FADCFF31582@D214504FADCFF31592@D220004FADCFF31592@D221504FADCFF31592@D223004FADCFF315A2@D224504FADCFF315A2@D230004FADCFF315A2@D231504FADCFF315B2@D233004FADCFF315B2@D234504FADCFF315B2@DD2022052000000004@D000004FADCFF315B2@D001504FADCFF315B2@D003004FADCFF315B2@D004504FADCFF315B2@D010004FADCFF315C2@D011504FADCFF315C2@D013004FADCFF315C2@D014504FADCFF315C2@D020004FADCFF315C2@D021504FADCFF315C2@D023004FADCFF315C2@D024504FADCFF315C2@D030004FADCFF315C2@D031504FADCFF315C2@D033004FADCFF315C2@D034504FADCFF315B2@D040004FADCFF315B2@D041504FADCFF315B2@D043004FADCFF315B2@D044504FADCFF315B2@D050004FADCFF315A2@D051504FADCFF315A2@D053004FADCFF315A2@D054504FADCFF315A2@D060004FADCFF31592@D061504FADCFF31592@D063004FADCFF31592@D064504FADCFF31592@D070004FADCFF31582@D071504FADCFF31582@D073004FADCFF31582@D074504FADCFF31582@D080004FADCFF31582@D081504FADCFF31572@D083004FADCFF31582@D084504FADCFF31572@D090004FADCFF31572@D091504FADCFF31572@D093004FADCFF31572@D094504FADCFF31572@D100004FADCFF31572@D101504FADCFF31562@D103004FADCFF31562@D104504FADCFF31562@D110004FADCFF31562@D111504FADCFF31562@D113004FADCFF31562@D114504FADCFF31562@D120004FADCFF31562@D121504FADCFF31552@D123004FADCFF31562@D124504FADCFF31562@D130004FADCFF31562@D131504FADCFF31562@D133004FADCFF31562@D134504FADCFF31562@D140004FADCFF31572@D141504FADCFF31572@D143004FADCFF31572@D144504FADCFF31582@D150004FADCFF31582@D151504FADCFF31582@D153004FADCFF31582@D154504FADCFF31592@D160004FADCFF31592@D161504FADCFF31592@D163004FADCFF315A2@D164504FADCFF315A2@D170004FADCFF315B2@D171504FADCFF315B2@D173004FADCFF315B2@D174504FADCFF315C2@D180004FADCFF315C2@D181504FADCFF315D2@D183004FADCFF315D2@D184504FADCFF315E2@D190004FADCFF315E2@D191504FADCFF315E2@D193004FADCFF315F2@D194504FADCFF31602@D200004FADCFF31602@D201504FADCFF31612@D203004FADCFF31612@D204504FADCFF31612@D210004FADCFF31612@D211504FADCFF31612@D213004FADCFF31612@D214504FADCFF31612@D220004FADCFF31622@D221504FADCFF31612@D223004FADCFF31612@D224504FADCFF31612@D230004FADCFF31622@D231504FADCFF31622@D233004FADCFF31622@D234504FADCFF31622@DD2022052100000004@D000004FADCFF31622@D001504FADCFF31632@D003004FADCFF31632@D004504FADCFF31632@D010004FADCFF31632@D011504FADCFF31642@D013004FADCFF31642@D014504FADCFF31642@D020004FADCFF31642@D021504FADCFF31642@D023004FADCFF31642@D024504FADCFF31642@D030004FADCFF31642@D031504FADCFF31642@D033004FADCFF31642@D034504FADCFF31652@D040004FADCFF31652@D041504FADCFF31652@D043004FADCFF31652@D044504FADCFF31652@D050004FADCFF31652@D051504FADCFF31652@D053004FADCFF31652@D054504FADCFF31652@D060004FADCFF31652@D061504FADCFF31652@D063004FADCFF31652@D064504FADCFF31652@D070004FADCFF31652@D071504FADCFF31652@D073004FADCFF31652@D074504FADCFF31652@D080004FADCFF31652@D081504FADCFF31652@D083004FADCFF31642@D084504FADCFF31652@D090004FADCFF31642@D091504FADCFF31642@D093004FADCFF31652@D094504FADCFF31642@D100004FADCFF31642@D101504FADCFF31642@D103004FADCFF31642@D104504FADCFF31642@D110004FADCFF31642@D111504FADCFF31642@D113004FADCFF31642@D114504FADCFF31642@D120004FADCFF31642@D121504FADCFF31652@D123004FADCFF31652@D124504FADCFF31652@D130004FADCFF31652@D131504FADCFF31652@D133004FADCFF31652@D134504FADCFF31662@D140004FADCFF31662@D141504FADCFF31662@D143004FADCFF31662@D144504FADCFF31662@D150004FADCFF31662@D151504FADCFF31662@D153004FADCFF31672@D154504FADCFF31672@D160004FADCFF31672@D161504FADCFF31672@D163004FADCFF31672@D164504FADCFF31672@D170004FADCFF31672@D171504FADCFF31672@D173004FADCFF31672@D174504FADCFF31672@D180004FADCFF31672@D181504FADCFF31682@D183004FADCFF31682@D184504FADCFF31682@D190004FADCFF31682@D191504FADCFF31682@D193004FADCFF31682@D194504FADCFF31692@D200004FADCFF31682@D201504FADCFF31682@D203004FADCFF31682@D204504FADCFF31692@D210004FADCFF31682@D211504FADCFF31682@D213004FADCFF31682@D214504FADCFF31682@D220004FADCFF31682@D221504FADCFF31682@D223004FADCFF31682@D224504FADCFF31672@D230004FADCFF31682@D231504FADCFF31682@D233004FADCFF31672@D234504FADCFF31672@E=$0035F0;D;2022/05/22,00:00:00+04;@0023C0
0023C0;@DD2022051600000004;@
0023C8;@D000004FADCFF31832;@ADC
0023D0;@D001504FADCFF31832;@ADC
0023D8;@D003004FADCFF31842;@ADC
0023E0;@D004504FADCFF31832;@ADC
0023E8;@D010004FADCFF31812;@ADC
0023F0;@D011504FADCFF317F2;@ADC
0023F8;@D013004FADCFF317D2;@ADC
002400;@D014504FADCFF317B2;@ADC
002408;@D020004FADCFF31792;@ADC
002410;@D021504FADCFF31772;@ADC
002418;@D023004FADCFF31772;@ADC
002420;@D024504FADCFF31772;@ADC
002428;@D030004FADCFF31772;@ADC
002430;@D031504FADCFF31772;@ADC
002438;@D033004FADCFF31772;@ADC
002440;@D034504FADCFF31772;@ADC
002448;@D040004FADCFF31772;@ADC
002450;@D041504FADCFF31772;@ADC
002458;@D043004FADCFF31772;@ADC
002460;@D044504FADCFF31782;@ADC
002468;@D050004FADCFF31782;@ADC
002470;@D051504FADCFF31782;@ADC
002478;@D053004FADCFF31782;@ADC
002480;@D054504FADCFF31772;@ADC
002488;@D060004FADCFF31782;@ADC
002490;@D061504FADCFF31782;@ADC
002498;@D063004FADCFF31772;@ADC
0024A0;@D064504FADCFF31772;@ADC
0024A8;@D070004FADCFF31772;@ADC
0024B0;@D071504FADCFF31772;@ADC
0024B8;@D073004FADCFF31772;@ADC
0024C0;@D074504FADCFF31762;@ADC
0024C8;@D080004FADCFF31762;@ADC
0024D0;@D081504FADCFF31762;@ADC
0024D8;@D083004FADCFF31762;@ADC
0024E0;@D084504FADCFF31752;@ADC
0024E8;@D090004FADCFF31752;@ADC
0024F0;@D091504FADCFF31752;@ADC
0024F8;@D093004FADCFF31752;@ADC
002500;@D094504FADCFF31742;@ADC
002508;@D100004FADCFF31742;@ADC
002510;@D101504FADCFF31742;@ADC
002518;@D103004FADCFF31742;@ADC
002520;@D104504FADCFF31742;@ADC
002528;@D110004FADCFF31732;@ADC
002530;@D111504FADCFF31732;@ADC
002538;@D113004FADCFF31732;@ADC
002540;@D114504FADCFF31732;@ADC
002548;@D120004FADCFF31732;@ADC
002550;@D121504FADCFF31732;@ADC
002558;@D123004FADCFF31732;@ADC
002560;@D124504FADCFF31732;@ADC
002568;@D130004FADCFF31732;@ADC
002570;@D131504FADCFF31742;@ADC
002578;@D133004FADCFF31742;@ADC
002580;@D134504FADCFF31752;@ADC
002588;@D140004FADCFF31742;@ADC
002590;@D141504FADCFF31752;@ADC
002598;@D143004FADCFF31752;@ADC
0025A0;@D144504FADCFF31752;@ADC
0025A8;@D150004FADCFF31752;@ADC
0025B0;@D151504FADCFF31762;@ADC
0025B8;@D153004FADCFF31762;@ADC
0025C0;@D154504FADCFF31762;@ADC
0025C8;@D160004FADCFF31762;@ADC
0025D0;@D161504FADCFF31762;@ADC
0025D8;@D163004FADCFF31772;@ADC
0025E0;@D164504FADCFF31762;@ADC
0025E8;@D170004FADCFF31772;@ADC
0025F0;@D171504FADCFF31772;@ADC
0025F8;@D173004FADCFF31782;@ADC
002600;@D174504FADCFF31782;@ADC
002608;@D180004FADCFF31792;@ADC
002610;@D181504FADCFF31792;@ADC
002618;@D183004FADCFF317B2;@ADC
002620;@D184504FADCFF317B2;@ADC
002628;@D190004FADCFF317C2;@ADC
002630;@D191504FADCFF317D2;@ADC
002638;@D193004FADCFF317D2;@ADC
002640;@D194504FADCFF317E2;@ADC
002648;@D200004FADCFF31802;@ADC
002650;@D201504FADCFF31822;@ADC
002658;@D203004FADCFF31832;@ADC
002660;@D204504FADCFF31842;@ADC
002668;@D210004FADCFF31842;@ADC
002670;@D211504FADCFF31852;@ADC
002678;@D213004FADCFF31862;@ADC
002680;@D214504FADCFF31872;@ADC
002688;@D220004FADCFF31882;@ADC
002690;@D221504FADCFF31882;@ADC
002698;@D223004FADCFF31882;@ADC
0026A0;@D224504FADCFF31892;@ADC
0026A8;@D230004FADCFF318A2;@ADC
0026B0;@D231504FADCFF31892;@ADC
0026B8;@D233004FADCFF31892;@ADC
0026C0;@D234504FADCFF31882;@ADC
0026C8;@DD2022051700000004;@
0026D0;@D000004FADCFF31882;@ADC
0026D8;@D001504FADCFF31872;@ADC
0026E0;@D003004FADCFF31852;@ADC
0026E8;@D004504FADCFF31832;@ADC
0026F0;@D010004FADCFF31812;@ADC
0026F8;@D011504FADCFF31802;@ADC
002700;@D013004FADCFF31802;@ADC
002708;@D014504FADCFF31812;@ADC
002710;@D020004FADCFF31812;@ADC
002718;@D021504FADCFF31812;@ADC
002720;@D023004FADCFF31812;@ADC
002728;@D024504FADCFF31802;@ADC
002730;@D030004FADCFF31802;@ADC
002738;@D031504FADCFF31812;@ADC
002740;@D033004FADCFF317E2;@ADC
002748;@D034504FADCFF317C2;@ADC
002750;@D040004FADCFF317B2;@ADC
002758;@D041504FADCFF317A2;@ADC
002760;@D043004FADCFF317A2;@ADC
002768;@D044504FADCFF31792;@ADC
002770;@D050004FADCFF31792;@ADC
002778;@D051504FADCFF31792;@ADC
002780;@D053004FADCFF31792;@ADC
002788;@D054504FADCFF31792;@ADC
002790;@D060004FADCFF31782;@ADC
002798;@D061504FADCFF31782;@ADC
0027A0;@D063004FADCFF31772;@ADC
0027A8;@D064504FADCFF31772;@ADC
0027B0;@D070004FADCFF31762;@ADC
0027B8;@D071504FADCFF31752;@ADC
0027C0;@D073004FADCFF31752;@ADC
0027C8;@D074504FADCFF31742;@ADC
0027D0;@D080004FADCFF31732;@ADC
0027D8;@D081504FADCFF31722;@ADC
0027E0;@D083004FADCFF31722;@ADC
0027E8;@D084504FADCFF31712;@ADC
0027F0;@D090004FADCFF31702;@ADC
0027F8;@D091504FADCFF316F2;@ADC
002800;@D093004FADCFF316E2;@ADC
002808;@D094504FADCFF316D2;@ADC
002810;@D100004FADCFF316C2;@ADC
002818;@D101504FADCFF316B2;@ADC
002820;@D103004FADCFF316A2;@ADC
002828;@D104504FADCFF31692;@ADC
002830;@D110004FADCFF31682;@ADC
002838;@D111504FADCFF31672;@ADC
002840;@D113004FADCFF31672;@ADC
002848;@D114504FADCFF31662;@ADC
002850;@D120004FADCFF31652;@ADC
002858;@D121504FADCFF31652;@ADC
002860;@D123004FADCFF31652;@ADC
002868;@D124504FADCFF31652;@ADC
002870;@D130004FADCFF31652;@ADC
002878;@D131504FADCFF31662;@ADC
002880;@D133004FADCFF31662;@ADC
002888;@D134504FADCFF31672;@ADC
002890;@D140004FADCFF31672;@ADC
002898;@D141504FADCFF31682;@ADC
0028A0;@D143004FADCFF31692;@ADC
0028A8;@D144504FADCFF31692;@ADC
0028B0;@D150004FADCFF31692;@ADC
0028B8;@D151504FADCFF316A2;@ADC
0028C0;@D153004FADCFF316A2;@ADC
0028C8;@D154504FADCFF316B2;@ADC
0028D0;@D160004FADCFF316B2;@ADC
0028D8;@D161504FADCFF316C2;@ADC
0028E0;@D163004FADCFF316D2;@ADC
0028E8;@D164504FADCFF316D2;@ADC
0028F0;@D170004FADCFF316E2;@ADC
0028F8;@D171504FADCFF316F2;@ADC
002900;@D173004FADCFF31702;@ADC
002908;@D174504FADCFF31712;@ADC
002910;@D180004FADCFF31712;@ADC
002918;@D181504FADCFF31722;@ADC
002920;@D183004FADCFF31732;@ADC
002928;@D184504FADCFF31742;@ADC
002930;@D190004FADCFF31742;@ADC
002938;@D191504FADCFF31752;@ADC
002940;@D193004FADCFF31762;@ADC
002948;@D194504FADCFF31762;@ADC
002950;@D200004FADCFF31772;@ADC
002958;@D201504FADCFF31792;@ADC
002960;@D203004FADCFF317A2;@ADC
002968;@D204504FADCFF317B2;@ADC
002970;@D210004FADCFF317C2;@ADC
002978;@D211504FADCFF317D2;@ADC
002980;@D213004FADCFF317E2;@ADC
002988;@D214504FADCFF317F2;@ADC
002990;@D220004FADCFF31802;@ADC
002998;@D221504FADCFF31802;@ADC
0029A0;@D223004FADCFF31802;@ADC
0029A8;@D224504FADCFF31802;@ADC
0029B0;@D230004FADCFF31812;@ADC
0029B8;@D231504FADCFF31822;@ADC
0029C0;@D233004FADCFF31822;@ADC
0029C8;@D234504FADCFF31822;@ADC
0029D0;@DD2022051800000004;@
0029D8;@D000004FADCFF31832;@ADC
0029E0;@D001504FADCFF31842;@ADC
0029E8;@D003004FADCFF31872;@ADC
0029F0;@D004504FADCFF31882;@ADC
0029F8;@D010004FADCFF31872;@ADC
002A00;@D011504FADCFF31862;@ADC
002A08;@D013004FADCFF31852;@ADC
002A10;@D014504FADCFF31862;@ADC
002A18;@D020004FADCFF31852;@ADC
002A20;@D021504FADCFF31852;@ADC
002A28;@D023004FADCFF31852;@ADC
002A30;@D024504FADCFF31852;@ADC
002A38;@D030004FADCFF31852;@ADC
002A40;@D031504FADCFF31852;@ADC
002A48;@D033004FADCFF31842;@ADC
002A50;@D034504FADCFF31842;@ADC
002A58;@D040004FADCFF31842;@ADC
002A60;@D041504FADCFF31842;@ADC
002A68;@D043004FADCFF31832;@ADC
002A70;@D044504FADCFF31832;@ADC
002A78;@D050004FADCFF31832;@ADC
002A80;@D051504FADCFF31832;@ADC
002A88;@D053004FADCFF31822;@ADC
002A90;@D054504FADCFF31822;@ADC
002A98;@D060004FADCFF31812;@ADC
002AA0;@D061504FADCFF31802;@ADC
002AA8;@D063004FADCFF317F2;@ADC
002AB0;@D064504FADCFF317F2;@ADC
002AB8;@D070004FADCFF317E2;@ADC
002AC0;@D071504FADCFF317D2;@ADC
002AC8;@D073004FADCFF317C2;@ADC
002AD0;@D074504FADCFF317C2;@ADC
002AD8;@D080004FADCFF317B2;@ADC
002AE0;@D081504FADCFF317A2;@ADC
002AE8;@D083004FADCFF31792;@ADC
002AF0;@D084504FADCFF31782;@ADC
002AF8;@D090004FADCFF31782;@ADC
002B00;@D091504FADCFF31762;@ADC
002B08;@D093004FADCFF31762;@ADC
002B10;@D094504FADCFF31752;@ADC
002B18;@D100004FADCFF31742;@ADC
002B20;@D101504FADCFF31732;@ADC
002B28;@D103004FADCFF31722;@ADC
002B30;@D104504FADCFF31712;@ADC
002B38;@D110004FADCFF31702;@ADC
002B40;@D111504FADCFF31702;@ADC
002B48;@D113004FADCFF316F2;@ADC
002B50;@D114504FADCFF316E2;@ADC
002B58;@D120004FADCFF316D2;@ADC
002B60;@D121504FADCFF316D2;@ADC
002B68;@D123004FADCFF316D2;@ADC
002B70;@D124504FADCFF31672;@ADC
002B78;@D130004FADCFF315F2;@ADC
002B80;@D131504FADCFF315C2;@ADC
002B88;@D133004FADCFF315D2;@ADC
002B90;@D134504FADCFF31672;@ADC
002B98;@D140004FADCFF31662;@ADC
002BA0;@D141504FADCFF31612;@ADC
002BA8;@D143004FADCFF315F2;@ADC
002BB0;@D144504FADCFF315C2;@ADC
002BB8;@D150004FADCFF315A2;@ADC
002BC0;@D151504FADCFF31582;@ADC
002BC8;@D153004FADCFF31572;@ADC
002BD0;@D154504FADCFF31552;@ADC
002BD8;@D160004FADCFF31542;@ADC
002BE0;@D161504FADCFF31532;@ADC
002BE8;@D163004FADCFF31522;@ADC
002BF0;@D164504FADCFF31522;@ADC
002BF8;@D170004FADCFF31512;@ADC
002C00;@D171504FADCFF31512;@ADC
002C08;@D173004FADCFF31512;@ADC
002C10;@D174504FADCFF31502;@ADC
002C18;@D180004FADCFF31502;@ADC
002C20;@D181504FADCFF31502;@ADC
002C28;@D183004FADCFF31502;@ADC
002C30;@D184504FADCFF31502;@ADC
002C38;@D190004FADCFF31502;@ADC
002C40;@D191504FADCFF31512;@ADC
002C48;@D193004FADCFF31512;@ADC
002C50;@D194504FADCFF31512;@ADC
002C58;@D200004FADCFF31512;@ADC
002C60;@D201504FADCFF31512;@ADC
002C68;@D203004FADCFF31512;@ADC
002C70;@D204504FADCFF31512;@ADC
002C78;@D210004FADCFF31512;@ADC
002C80;@D211504FADCFF31512;@ADC
002C88;@D213004FADCFF31512;@ADC
002C90;@D214504FADCFF31522;@ADC
002C98;@D220004FADCFF31522;@ADC
002CA0;@D221504FADCFF31522;@ADC
002CA8;@D223004FADCFF31522;@ADC
002CB0;@D224504FADCFF31522;@ADC
002CB8;@D230004FADCFF31522;@ADC
002CC0;@D231504FADCFF31532;@ADC
002CC8;@D233004FADCFF31522;@ADC
002CD0;@D234504FADCFF31532;@ADC
002CD8;@DD2022051900000004;@
002CE0;@D000004FADCFF31532;@ADC
002CE8;@D001504FADCFF31532;@ADC
002CF0;@D003004FADCFF31532;@ADC
002CF8;@D004504FADCFF31532;@ADC
002D00;@D010004FADCFF31532;@ADC
002D08;@D011504FADCFF31532;@ADC
002D10;@D013004FADCFF31532;@ADC
002D18;@D014504FADCFF31532;@ADC
002D20;@D020004FADCFF31532;@ADC
002D28;@D021504FADCFF31532;@ADC
002D30;@D023004FADCFF31532;@ADC
002D38;@D024504FADCFF31532;@ADC
002D40;@D030004FADCFF31532;@ADC
002D48;@D031504FADCFF31532;@ADC
002D50;@D033004FADCFF31532;@ADC
002D58;@D034504FADCFF31532;@ADC
002D60;@D040004FADCFF31522;@ADC
002D68;@D041504FADCFF31532;@ADC
002D70;@D043004FADCFF31522;@ADC
002D78;@D044504FADCFF31532;@ADC
002D80;@D050004FADCFF31522;@ADC
002D88;@D051504FADCFF31522;@ADC
002D90;@D053004FADCFF31522;@ADC
002D98;@D054504FADCFF31522;@ADC
002DA0;@D060004FADCFF31522;@ADC
002DA8;@D061504FADCFF31512;@ADC
002DB0;@D063004FADCFF31512;@ADC
002DB8;@D064504FADCFF31512;@ADC
002DC0;@D070004FADCFF31512;@ADC
002DC8;@D071504FADCFF31512;@ADC
002DD0;@D073004FADCFF31512;@ADC
002DD8;@D074504FADCFF31502;@ADC
002DE0;@D080004FADCFF31502;@ADC
002DE8;@D081504FADCFF31502;@ADC
002DF0;@D083004FADCFF31502;@ADC
002DF8;@D084504FADCFF31502;@ADC
002E00;@D090004FADCFF31502;@ADC
002E08;@D091504FADCFF314F2;@ADC
002E10;@D093004FADCFF314F2;@ADC
002E18;@D094504FADCFF314F2;@ADC
002E20;@D100004FADCFF314F2;@ADC
002E28;@D101504FADCFF314F2;@ADC
002E30;@D103004FADCFF314E2;@ADC
002E38;@D104504FADCFF314E2;@ADC
002E40;@D110004FADCFF314E2;@ADC
002E48;@D111504FADCFF314E2;@ADC
002E50;@D113004FADCFF314E2;@ADC
002E58;@D114504FADCFF314E2;@ADC
002E60;@D120004FADCFF314E2;@ADC
002E68;@D121504FADCFF314E2;@ADC
002E70;@D123004FADCFF314E2;@ADC
002E78;@D124504FADCFF314E2;@ADC
002E80;@D130004FADCFF314D2;@ADC
002E88;@D131504FADCFF314D2;@ADC
002E90;@D133004FADCFF314E2;@ADC
002E98;@D134504FADCFF314E2;@ADC
002EA0;@D140004FADCFF314E2;@ADC
002EA8;@D141504FADCFF314D2;@ADC
002EB0;@D143004FADCFF314E2;@ADC
002EB8;@D144504FADCFF314E2;@ADC
002EC0;@D150004FADCFF314E2;@ADC
002EC8;@D151504FADCFF314E2;@ADC
002ED0;@D153004FADCFF314F2;@ADC
002ED8;@D154504FADCFF314F2;@ADC
002EE0;@D160004FADCFF31502;@ADC
002EE8;@D161504FADCFF31502;@ADC
002EF0;@D163004FADCFF31512;@ADC
002EF8;@D164504FADCFF31512;@ADC
002F00;@D170004FADCFF31512;@ADC
002F08;@D171504FADCFF31512;@ADC
002F10;@D173004FADCFF31522;@ADC
002F18;@D174504FADCFF31522;@ADC
002F20;@D180004FADCFF31532;@ADC
002F28;@D181504FADCFF31532;@ADC
002F30;@D183004FADCFF31532;@ADC
002F38;@D184504FADCFF31542;@ADC
002F40;@D190004FADCFF31542;@ADC
002F48;@D191504FADCFF31552;@ADC
002F50;@D193004FADCFF31552;@ADC
002F58;@D194504FADCFF31552;@ADC
002F60;@D200004FADCFF31562;@ADC
002F68;@D201504FADCFF31562;@ADC
002F70;@D203004FADCFF31572;@ADC
002F78;@D204504FADCFF31572;@ADC
002F80;@D210004FADCFF31572;@ADC
002F88;@D211504FADCFF31582;@ADC
002F90;@D213004FADCFF31582;@ADC
002F98;@D214504FADCFF31592;@ADC
002FA0;@D220004FADCFF31592;@ADC
002FA8;@D221504FADCFF31592;@ADC
002FB0;@D223004FADCFF315A2;@ADC
002FB8;@D224504FADCFF315A2;@ADC
002FC0;@D230004FADCFF315A2;@ADC
002FC8;@D231504FADCFF315B2;@ADC
002FD0;@D233004FADCFF315B2;@ADC
002FD8;@D234504FADCFF315B2;@ADC
002FE0;@DD2022052000000004;@
002FE8;@D000004FADCFF315B2;@ADC
002FF0;@D001504FADCFF315B2;@ADC
002FF8;@D003004FADCFF315B2;@ADC
003000;@D004504FADCFF315B2;@ADC
003008;@D010004FADCFF315C2;@ADC
003010;@D011504FADCFF315C2;@ADC
003018;@D013004FADCFF315C2;@ADC
003020;@D014504FADCFF315C2;@ADC
003028;@D020004FADCFF315C2;@ADC
003030;@D021504FADCFF315C2;@ADC
003038;@D023004FADCFF315C2;@ADC
003040;@D024504FADCFF315C2;@ADC
003048;@D030004FADCFF315C2;@ADC
003050;@D031504FADCFF315C2;@ADC
003058;@D033004FADCFF315C2;@ADC
003060;@D034504FADCFF315B2;@ADC
003068;@D040004FADCFF315B2;@ADC
003070;@D041504FADCFF315B2;@ADC
003078;@D043004FADCFF315B2;@ADC
003080;@D044504FADCFF315B2;@ADC
003088;@D050004FADCFF315A2;@ADC
003090;@D051504FADCFF315A2;@ADC
003098;@D053004FADCFF315A2;@ADC
0030A0;@D054504FADCFF315A2;@ADC
0030A8;@D060004FADCFF31592;@ADC
0030B0;@D061504FADCFF31592;@ADC
0030B8;@D063004FADCFF31592;@ADC
0030C0;@D064504FADCFF31592;@ADC
0030C8;@D070004FADCFF31582;@ADC
0030D0;@D071504FADCFF31582;@ADC
0030D8;@D073004FADCFF31582;@ADC
0030E0;@D074504FADCFF31582;@ADC
0030E8;@D080004FADCFF31582;@ADC
0030F0;@D081504FADCFF31572;@ADC
0030F8;@D083004FADCFF31582;@ADC
003100;@D084504FADCFF31572;@ADC
003108;@D090004FADCFF31572;@ADC
003110;@D091504FADCFF31572;@ADC
003118;@D093004FADCFF31572;@ADC
003120;@D094504FADCFF31572;@ADC
003128;@D100004FADCFF31572;@ADC
003130;@D101504FADCFF31562;@ADC
003138;@D103004FADCFF31562;@ADC
003140;@D104504FADCFF31562;@ADC
003148;@D110004FADCFF31562;@ADC
003150;@D111504FADCFF31562;@ADC
003158;@D113004FADCFF31562;@ADC
003160;@D114504FADCFF31562;@ADC
003168;@D120004FADCFF31562;@ADC
003170;@D121504FADCFF31552;@ADC
003178;@D123004FADCFF31562;@ADC
003180;@D124504FADCFF31562;@ADC
003188;@D130004FADCFF31562;@ADC
003190;@D131504FADCFF31562;@ADC
003198;@D133004FADCFF31562;@ADC
0031A0;@D134504FADCFF31562;@ADC
0031A8;@D140004FADCFF31572;@ADC
0031B0;@D141504FADCFF31572;@ADC
0031B8;@D143004FADCFF31572;@ADC
0031C0;@D144504FADCFF31582;@ADC
0031C8;@D150004FADCFF31582;@ADC
0031D0;@D151504FADCFF31582;@ADC
0031D8;@D153004FADCFF31582;@ADC
0031E0;@D154504FADCFF31592;@ADC
0031E8;@D160004FADCFF31592;@ADC
0031F0;@D161504FADCFF31592;@ADC
0031F8;@D163004FADCFF315A2;@ADC
003200;@D164504FADCFF315A2;@ADC
003208;@D170004FADCFF315B2;@ADC
003210;@D171504FADCFF315B2;@ADC
003218;@D173004FADCFF315B2;@ADC
003220;@D174504FADCFF315C2;@ADC
003228;@D180004FADCFF315C2;@ADC
003230;@D181504FADCFF315D2;@ADC
003238;@D183004FADCFF315D2;@ADC
003240;@D184504FADCFF315E2;@ADC
003248;@D190004FADCFF315E2;@ADC
003250;@D191504FADCFF315E2;@ADC
003258;@D193004FADCFF315F2;@ADC
003260;@D194504FADCFF31602;@ADC
003268;@D200004FADCFF31602;@ADC
003270;@D201504FADCFF31612;@ADC
003278;@D203004FADCFF31612;@ADC
003280;@D204504FADCFF31612;@ADC
003288;@D210004FADCFF31612;@ADC
003290;@D211504FADCFF31612;@ADC
003298;@D213004FADCFF31612;@ADC
0032A0;@D214504FADCFF31612;@ADC
0032A8;@D220004FADCFF31622;@ADC
0032B0;@D221504FADCFF31612;@ADC
0032B8;@D223004FADCFF31612;@ADC
0032C0;@D224504FADCFF31612;@ADC
0032C8;@D230004FADCFF31622;@ADC
0032D0;@D231504FADCFF31622;@ADC
0032D8;@D233004FADCFF31622;@ADC
0032E0;@D234504FADCFF31622;@ADC
0032E8;@DD2022052100000004;@
0032F0;@D000004FADCFF31622;@ADC
0032F8;@D001504FADCFF31632;@ADC
003300;@D003004FADCFF31632;@ADC
003308;@D004504FADCFF31632;@ADC
003310;@D010004FADCFF31632;@ADC
003318;@D011504FADCFF31642;@ADC
003320;@D013004FADCFF31642;@ADC
003328;@D014504FADCFF31642;@ADC
003330;@D020004FADCFF31642;@ADC
003338;@D021504FADCFF31642;@ADC
003340;@D023004FADCFF31642;@ADC
003348;@D024504FADCFF31642;@ADC
003350;@D030004FADCFF31642;@ADC
003358;@D031504FADCFF31642;@ADC
003360;@D033004FADCFF31642;@ADC
003368;@D034504FADCFF31652;@ADC
003370;@D040004FADCFF31652;@ADC
003378;@D041504FADCFF31652;@ADC
003380;@D043004FADCFF31652;@ADC
003388;@D044504FADCFF31652;@ADC
003390;@D050004FADCFF31652;@ADC
003398;@D051504FADCFF31652;@ADC
0033A0;@D053004FADCFF31652;@ADC
0033A8;@D054504FADCFF31652;@ADC
0033B0;@D060004FADCFF31652;@ADC
0033B8;@D061504FADCFF31652;@ADC
0033C0;@D063004FADCFF31652;@ADC
0033C8;@D064504FADCFF31652;@ADC
0033D0;@D070004FADCFF31652;@ADC
0033D8;@D071504FADCFF31652;@ADC
0033E0;@D073004FADCFF31652;@ADC
0033E8;@D074504FADCFF31652;@ADC
0033F0;@D080004FADCFF31652;@ADC
0033F8;@D081504FADCFF31652;@ADC
003400;@D083004FADCFF31642;@ADC
003408;@D084504FADCFF31652;@ADC
003410;@D090004FADCFF31642;@ADC
003418;@D091504FADCFF31642;@ADC
003420;@D093004FADCFF31652;@ADC
003428;@D094504FADCFF31642;@ADC
003430;@D100004FADCFF31642;@ADC
003438;@D101504FADCFF31642;@ADC
003440;@D103004FADCFF31642;@ADC
003448;@D104504FADCFF31642;@ADC
003450;@D110004FADCFF31642;@ADC
003458;@D111504FADCFF31642;@ADC
003460;@D113004FADCFF31642;@ADC
003468;@D114504FADCFF31642;@ADC
003470;@D120004FADCFF31642;@ADC
003478;@D121504FADCFF31652;@ADC
003480;@D123004FADCFF31652;@ADC
003488;@D124504FADCFF31652;@ADC
003490;@D130004FADCFF31652;@ADC
003498;@D131504FADCFF31652;@ADC
0034A0;@D133004FADCFF31652;@ADC
0034A8;@D134504FADCFF31662;@ADC
0034B0;@D140004FADCFF31662;@ADC
0034B8;@D141504FADCFF31662;@ADC
0034C0;@D143004FADCFF31662;@ADC
0034C8;@D144504FADCFF31662;@ADC
0034D0;@D150004FADCFF31662;@ADC
0034D8;@D151504FADCFF31662;@ADC
0034E0;@D153004FADCFF31672;@ADC
0034E8;@D154504FADCFF31672;@ADC
0034F0;@D160004FADCFF31672;@ADC
0034F8;@D161504FADCFF31672;@ADC
003500;@D163004FADCFF31672;@ADC
003508;@D164504FADCFF31672;@ADC
003510;@D170004FADCFF31672;@ADC
003518;@D171504FADCFF31672;@ADC
003520;@D173004FADCFF31672;@ADC
003528;@D174504FADCFF31672;@ADC
003530;@D180004FADCFF31672;@ADC
003538;@D181504FADCFF31682;@ADC
003540;@D183004FADCFF31682;@ADC
003548;@D184504FADCFF31682;@ADC
003550;@D190004FADCFF31682;@ADC
003558;@D191504FADCFF31682;@ADC
003560;@D193004FADCFF31682;@ADC
003568;@D194504FADCFF31692;@ADC
003570;@D200004FADCFF31682;@ADC
003578;@D201504FADCFF31682;@ADC
003580;@D203004FADCFF31682;@ADC
003588;@D204504FADCFF31692;@ADC
003590;@D210004FADCFF31682;@ADC
003598;@D211504FADCFF31682;@ADC
0035A0;@D213004FADCFF31682;@ADC
0035A8;@D214504FADCFF31682;@ADC
0035B0;@D220004FADCFF31682;@ADC
0035B8;@D221504FADCFF31682;@ADC
0035C0;@D223004FADCFF31682;@ADC
0035C8;@D224504FADCFF31672;@ADC
0035D0;@D230004FADCFF31682;@ADC
0035D8;@D231504FADCFF31682;@ADC
0035E0;@D233004FADCFF31672;@ADC
0035E8;@D234504FADCFF31672;@ADC
@E=$0035F0;D;2022/05/22,00:00:00+04;@0035F0
@D000004FADCFF31672@D001504FADCFF31672@D003004FADCFF31672@D004504FADCFF31672@D010004FADCFF31672@D011504FADCFF31672@D013004FADCFF31672@D014504FADCFF31672@D020004FADCFF31672@D021504FADCFF31672@D023004FADCFF31672@D024504FADCFF31672@D030004FADCFF31672@D031504FADCFF31672@D033004FADCFF31672@D034504FADCFF31672@D040004FADCFF31672@D041504FADCFF31672@D043004FADCFF31672@D044504FADCFF31672@D050004FADCFF31672@D051504FADCFF31672@D053004FADCFF31682@D054504FADCFF31672@D060004FADCFF31682@D061504FADCFF31672@D063004FADCFF31682@D064504FADCFF31682@D070004FADCFF31682@D071504FADCFF31682@D073004FADCFF31672@D074504FADCFF31672@D080004FADCFF31672@D081504FADCFF31672@D083004FADCFF31672@D084504FADCFF31672@D090004FADCFF31672@D091504FADCFF31672@D093004FADCFF31672@D094504FADCFF31672@D100004FADCFF31672@D101504FADCFF31662@D103004FADCFF31662@D104504FADCFF31662@D110004FADCFF31662@D111504FADCFF31662@D113004FADCFF31662@D114504FADCFF31662@D120004FADCFF31662@D121504FADCFF31662@D123004FADCFF31662@D124504FADCFF31662@D130004FADCFF31672@D131504FADCFF31662@D133004FADCFF31662@D134504FADCFF31672@D140004FADCFF31672@D141504FADCFF31672@D143004FADCFF31672@D144504FADCFF31672@D150004FADCFF31672@D151504FADCFF31672@D153004FADCFF31682@D154504FADCFF31672@D160004FADCFF31682@D161504FADCFF31682@D163004FADCFF31682@D164504FADCFF31682@D170004FADCFF31682@D171504FADCFF31682@D173004FADCFF31682@D174504FADCFF31682@D180004FADCFF31692@D181504FADCFF31682@D183004FADCFF31692@D184504FADCFF31692@D190004FADCFF31692@D191504FADCFF31692@D193004FADCFF31692@D194504FADCFF31692@D200004FADCFF316A2@D201504FADCFF31692@D203004FADCFF316A2@D204504FADCFF316A2@D210004FADCFF31692@D211504FADCFF31692@D213004FADCFF31692@D214504FADCFF31692@D220004FADCFF31682@D221504FADCFF31682@D223004FADCFF31682@D224504FADCFF31682@D230004FADCFF31682@D231504FADCFF31682@D233004FADCFF31682@D234504FADCFF31682@DD2022052300000004@D000004FADCFF31682@D001504FADCFF31682@D003004FADCFF31682@D004504FADCFF31692@D010004FADCFF31692@D011504FADCFF31692@D013004FADCFF31692@D014504FADCFF31682@D020004FADCFF31682@D021504FADCFF31682@D023004FADCFF31682@D024504FADCFF31692@D030004FADCFF31692@D031504FADCFF31692@D033004FADCFF31682@D034504FADCFF31692@D040004FADCFF31692@D041504FADCFF31692@D043004FADCFF31692@D044504FADCFF31692@D050004FADCFF31682@D051504FADCFF31682@D053004FADCFF31682@D054504FADCFF31682@D060004FADCFF31682@D061504FADCFF31682@D063004FADCFF31682@D064504FADCFF31682@D070004FADCFF31682@D071504FADCFF31672@D073004FADCFF31672@D074504FADCFF31672@D080004FADCFF31672@D081504FADCFF31672@D083004FADCFF31662@D084504FADCFF31662@D090004FADCFF31662@D091504FADCFF31662@D093004FADCFF31652@D094504FADCFF31652@D100004FADCFF31652@D101504FADCFF31642@D103004FADCFF31642@D104504FADCFF31632@D110004FADCFF31632@D111504FADCFF31632@D113004FADCFF31632@D114504FADCFF31632@D120004FADCFF31632@D121504FADCFF31622@D123004FADCFF31622@D124504FADCFF31622@D130004FADCFF31622@D131504FADCFF31622@D133004FADCFF31622@D134504FADCFF31622@D140004FADCFF31612@D141504FADCFF31612@D143004FADCFF31612@D144504FADCFF31612@D150004FADCFF31612@D151504FADCFF31612@D153004FADCFF31612@D154504FADCFF31612@D160004FADCFF31612@D161504FADCFF31622@D163004FADCFF31612@D164504FADCFF31612@D170004FADCFF31612@D171504FADCFF31622@D173004FADCFF31622@D174504FADCFF31612@D180004FADCFF31612@D181504FADCFF31622@D183004FADCFF31622@D184504FADCFF31622@D190004FADCFF31622@D191504FADCFF31612@D193004FADCFF31622@D194504FADCFF31622@D200004FADCFF31612@D201504FADCFF31612@D203004FADCFF31612@D204504FADCFF31622@D210004FADCFF31612@D211504FADCFF31612@D213004FADCFF31622@D214504FADCFF31612@D220004FADCFF31622@D221504FADCFF31622@D223004FADCFF31612@D224504FADCFF31612@D230004FADCFF31612@D231504FADCFF31612@D233004FADCFF31612@D234504FADCFF31612@DD2022052400000004@D000004FADCFF31612@D001504FADCFF31612@D003004FADCFF31602@D004504FADCFF31602@D010004FADCFF31602@D011504FADCFF31602@D013004FADCFF31602@D014504FADCFF315F2@D020004FADCFF315F2@D021504FADCFF315F2@D023004FADCFF315F2@D024504FADCFF315E2@D030004FADCFF315E2@D031504FADCFF315E2@D033004FADCFF315E2@D034504FADCFF315E2@D040004FADCFF315D2@D041504FADCFF315D2@D043004FADCFF315D2@D044504FADCFF315C2@D050004FADCFF315C2@D051504FADCFF315C2@D053004FADCFF315B2@D054504FADCFF315B2@D060004FADCFF315B2@D061504FADCFF315B2@D063004FADCFF315A2@D064504FADCFF315A2@D070004FADCFF31592@D071504FADCFF31592@D073004FADCFF31582@D074504FADCFF31582@D080004FADCFF31582@D081504FADCFF31572@D083004FADCFF31572@D084504FADCFF31562@D090004FADCFF31562@D091504FADCFF31552@D093004FADCFF31552@D094504FADCFF31552@D100004FADCFF31552@D101504FADCFF31542@D103004FADCFF31542@D104504FADCFF31532@D110004FADCFF31532@D111504FADCFF31532@D113004FADCFF31532@D114504FADCFF31522@D120004FADCFF31522@D121504FADCFF31522@D123004FADCFF31512@D124504FADCFF31512@D130004FADCFF31512@D131504FADCFF31512@D133004FADCFF31502@D134504FADCFF31502@D140004FADCFF31502@D141504FADCFF31502@D143004FADCFF31502@D144504FADCFF314F2@D150004FADCFF314F2@D151504FADCFF314F2@D153004FADCFF314F2@D154504FADCFF314F2@D160004FADCFF31502@D161504FADCFF31502@D163004FADCFF31502@D164504FADCFF31502@D170004FADCFF31502@D171504FADCFF31502@D173004FADCFF31502@D174504FADCFF31502@D180004FADCFF31502@D181504FADCFF31502@D183004FADCFF31502@D184504FADCFF31502@D190004FADCFF31502@D191504FADCFF31502@D193004FADCFF31502@D194504FADCFF31512@D200004FADCFF31512@D201504FADCFF31512@D203004FADCFF31512@D204504FADCFF31522@D210004FADCFF31522@D211504FADCFF31522@D213004FADCFF31522@D214504FADCFF31522@D220004FADCFF31522@D221504FADCFF31522@D223004FADCFF31522@D224504FADCFF31522@D230004FADCFF31522@D231504FADCFF31522@D233004FADCFF31522@D234504FADCFF31522@DD2022052500000004@D000004FADCFF31532@D001504FADCFF31522@D003004FADCFF31522@D004504FADCFF31522@D010004FADCFF31522@D011504FADCFF31522@D013004FADCFF31522@D014504FADCFF31512@D020004FADCFF31512@D021504FADCFF31512@D023004FADCFF31512@D024504FADCFF31512@D030004FADCFF31502@D031504FADCFF31502@D033004FADCFF31502@D034504FADCFF31502@D040004FADCFF314F2@D041504FADCFF314F2@D043004FADCFF314F2@D044504FADCFF314E2@D050004FADCFF314E2@D051504FADCFF314E2@D053004FADCFF314D2@D054504FADCFF314D2@D060004FADCFF314D2@D061504FADCFF314C2@D063004FADCFF314C2@D064504FADCFF314B2@D070004FADCFF314B2@D071504FADCFF314B2@D073004FADCFF314B2@D074504FADCFF314B2@D080004FADCFF314A2@D081504FADCFF314A2@D083004FADCFF31492@D084504FADCFF31492@D090004FADCFF31482@D091504FADCFF31482@D093004FADCFF31482@D094504FADCFF31472@D100004FADCFF31472@D101504FADCFF31472@D103004FADCFF31462@D104504FADCFF31462@D110004FADCFF31462@D111504FADCFF31462@D113004FADCFF31462@D114504FADCFF31452@D120004FADCFF31452@D121504FADCFF31452@D123004FADCFF31452@D124504FADCFF31462@D130004FADCFF31462@D131504FADCFF31452@D133004FADCFF31462@D134504FADCFF31462@D140004FADCFF31462@D141504FADCFF31462@D143004FADCFF31472@D144504FADCFF31472@D150004FADCFF31482@D151504FADCFF314A2@D153004FADCFF314B2@D154504FADCFF314D2@D160004FADCFF314E2@D161504FADCFF314F2@D163004FADCFF31502@D164504FADCFF31512@D170004FADCFF31522@D171504FADCFF31532@D173004FADCFF31542@D174504FADCFF31552@D180004FADCFF31562@D181504FADCFF31572@D183004FADCFF31572@D184504FADCFF31572@D190004FADCFF31572@D191504FADCFF31572@D193004FADCFF31572@D194504FADCFF31562@D200004FADCFF31562@D201504FADCFF31552@D203004FADCFF31552@D204504FADCFF31552@D210004FADCFF31552@D211504FADCFF31552@D213004FADCFF31542@D214504FADCFF31542@D220004FADCFF31542@D221504FADCFF31542@D223004FADCFF31542@D224504FADCFF31532@D230004FADCFF31532@D231504FADCFF31532@D233004FADCFF31532@D234504FADCFF31522@DD2022052600000004@D000004FADCFF31522@D001504FADCFF31522@D003004FADCFF31522@D004504FADCFF31512@D010004FADCFF31522@D011504FADCFF31512@D013004FADCFF31512@D014504FADCFF31512@D020004FADCFF31512@D021504FADCFF31512@D023004FADCFF31512@D024504FADCFF31512@D030004FADCFF31502@D031504FADCFF31502@D033004FADCFF31502@D034504FADCFF31502@D040004FADCFF31502@D041504FADCFF31502@D043004FADCFF314F2@D044504FADCFF314F2@D050004FADCFF314F2@D051504FADCFF314F2@D053004FADCFF314F2@D054504FADCFF314F2@D060004FADCFF314E2@D061504FADCFF314E2@D063004FADCFF314E2@D064504FADCFF314D2@D070004FADCFF314D2@D071504FADCFF314D2@D073004FADCFF314D2@D074504FADCFF314C2@D080004FADCFF314C2@D081504FADCFF314B2@D083004FADCFF314B2@D084504FADCFF314B2@D090004FADCFF314B2@D091504FADCFF314B2@D093004FADCFF314A2@D094504FADCFF314A2@D100004FADCFF314A2@D101504FADCFF314A2@D103004FADCFF31492@D104504FADCFF31492@D110004FADCFF31492@D111504FADCFF31492@D113004FADCFF31492@D114504FADCFF31492@D120004FADCFF31492@D121504FADCFF31492@D123004FADCFF31492@D124504FADCFF31492@D130004FADCFF31492@D131504FADCFF31492@D133004FADCFF314A2@D134504FADCFF31492@D140004FADCFF31492@D141504FADCFF314A2@D143004FADCFF314A2@D144504FADCFF314A2@D150004FADCFF314A2@D151504FADCFF314A2@D153004FADCFF314B2@D154504FADCFF314B2@D160004FADCFF314B2@D161504FADCFF314B2@D163004FADCFF314C2@D164504FADCFF314B2@D170004FADCFF314B2@D171504FADCFF314C2@D173004FADCFF314C2@D174504FADCFF314C2@D180004FADCFF314D2@D181504FADCFF314D2@D183004FADCFF314D2@D184504FADCFF314E2@D190004FADCFF314E2@D191504FADCFF314E2@D193004FADCFF314E2@D194504FADCFF314F2@D200004FADCFF314F2@D201504FADCFF31502@D203004FADCFF31502@D204504FADCFF31502@D210004FADCFF31512@D211504FADCFF31512@D213004FADCFF31512@D214504FADCFF31512@D220004FADCFF31522@D221504FADCFF31522@D223004FADCFF31532@D224504FADCFF31532@D230004FADCFF31532@D231504FADCFF31542@D233004FADCFF31542@D234504FADCFF31542@DD2022052700000004@D000004FADCFF31542@D001504FADCFF31542@D003004FADCFF31542@D004504FADCFF31542@D010004FADCFF31542@D011504FADCFF31542@D013004FADCFF31542@D014504FADCFF31552@D020004FADCFF31542@D021504FADCFF31552@D023004FADCFF31552@D024504FADCFF31552@D030004FADCFF31552@D031504FADCFF31552@D033004FADCFF31552@D034504FADCFF31552@D040004FADCFF31552@D041504FADCFF31552@D043004FADCFF31542@D044504FADCFF31542@D050004FADCFF31552@D051504FADCFF31542@D053004FADCFF31552@D054504FADCFF31542@D060004FADCFF31542@D061504FADCFF31542@D063004FADCFF31542@D064504FADCFF31542@D070004FADCFF31542@D071504FADCFF31542@D073004FADCFF31542@D074504FADCFF31542@D080004FADCFF31542@D081504FADCFF31542@D083004FADCFF31532@D084504FADCFF31542@D090004FADCFF31532@D091504FADCFF31532@D093004FADCFF31532@D094504FADCFF31532@D100004FADCFF31532@D101504FADCFF31532@D103004FADCFF31532@D104504FADCFF31532@D110004FADCFF31532@D111504FADCFF31532@D113004FADCFF31532@D114504FADCFF31522@D120004FADCFF31532@D121504FADCFF31532@D123004FADCFF31532@D124504FADCFF31532@D130004FADCFF31532@D131504FADCFF31522@D133004FADCFF31532@D134504FADCFF31532@D140004FADCFF31532@D141504FADCFF31532@D143004FADCFF31532@D144504FADCFF31532@D150004FADCFF31532@D151504FADCFF31532@D153004FADCFF31532@D154504FADCFF31532@D160004FADCFF31532@D161504FADCFF31532@D163004FADCFF31542@D164504FADCFF31542@D170004FADCFF31542@D171504FADCFF31542@D173004FADCFF31542@D174504FADCFF31542@D180004FADCFF31542@D181504FADCFF31552@D183004FADCFF31552@D184504FADCFF31552@D190004FADCFF31552@D191504FADCFF31552@D193004FADCFF31562@D194504FADCFF31562@D200004FADCFF31562@D201504FADCFF31562@D203004FADCFF31562@D204504FADCFF31562@D210004FADCFF31572@D211504FADCFF31572@D213004FADCFF31572@D214504FADCFF31572@D220004FADCFF31572@D221504FADCFF31572@D223004FADCFF31572@D224504FADCFF31572@D230004FADCFF31572@D231504FADCFF31572@D233004FADCFF31582@D234504FADCFF31582@E=$004820;D;2022/05/28,00:00:00+04;@0035F0
0035F0;@D000004FADCFF31672;@ADC
0035F8;@D001504FADCFF31672;@ADC
003600;@D003004FADCFF31672;@ADC
003608;@D004504FADCFF31672;@ADC
003610;@D010004FADCFF31672;@ADC
003618;@D011504FADCFF31672;@ADC
003620;@D013004FADCFF31672;@ADC
003628;@D014504FADCFF31672;@ADC
003630;@D020004FADCFF31672;@ADC
003638;@D021504FADCFF31672;@ADC
003640;@D023004FADCFF31672;@ADC
003648;@D024504FADCFF31672;@ADC
003650;@D030004FADCFF31672;@ADC
003658;@D031504FADCFF31672;@ADC
003660;@D033004FADCFF31672;@ADC
003668;@D034504FADCFF31672;@ADC
003670;@D040004FADCFF31672;@ADC
003678;@D041504FADCFF31672;@ADC
003680;@D043004FADCFF31672;@ADC
003688;@D044504FADCFF31672;@ADC
003690;@D050004FADCFF31672;@ADC
003698;@D051504FADCFF31672;@ADC
0036A0;@D053004FADCFF31682;@ADC
0036A8;@D054504FADCFF31672;@ADC
0036B0;@D060004FADCFF31682;@ADC
0036B8;@D061504FADCFF31672;@ADC
0036C0;@D063004FADCFF31682;@ADC
0036C8;@D064504FADCFF31682;@ADC
0036D0;@D070004FADCFF31682;@ADC
0036D8;@D071504FADCFF31682;@ADC
0036E0;@D073004FADCFF31672;@ADC
0036E8;@D074504FADCFF31672;@ADC
0036F0;@D080004FADCFF31672;@ADC
0036F8;@D081504FADCFF31672;@ADC
003700;@D083004FADCFF31672;@ADC
003708;@D084504FADCFF31672;@ADC
003710;@D090004FADCFF31672;@ADC
003718;@D091504FADCFF31672;@ADC
003720;@D093004FADCFF31672;@ADC
003728;@D094504FADCFF31672;@ADC
003730;@D100004FADCFF31672;@ADC
003738;@D101504FADCFF31662;@ADC
003740;@D103004FADCFF31662;@ADC
003748;@D104504FADCFF31662;@ADC
003750;@D110004FADCFF31662;@ADC
003758;@D111504FADCFF31662;@ADC
003760;@D113004FADCFF31662;@ADC
003768;@D114504FADCFF31662;@ADC
003770;@D120004FADCFF31662;@ADC
003778;@D121504FADCFF31662;@ADC
003780;@D123004FADCFF31662;@ADC
003788;@D124504FADCFF31662;@ADC
003790;@D130004FADCFF31672;@ADC
003798;@D131504FADCFF31662;@ADC
0037A0;@D133004FADCFF31662;@ADC
0037A8;@D134504FADCFF31672;@ADC
0037B0;@D140004FADCFF31672;@ADC
0037B8;@D141504FADCFF31672;@ADC
0037C0;@D143004FADCFF31672;@ADC
0037C8;@D144504FADCFF31672;@ADC
0037D0;@D150004FADCFF31672;@ADC
0037D8;@D151504FADCFF31672;@ADC
0037E0;@D153004FADCFF31682;@ADC
0037E8;@D154504FADCFF31672;@ADC
0037F0;@D160004FADCFF31682;@ADC
0037F8;@D161504FADCFF31682;@ADC
003800;@D163004FADCFF31682;@ADC
003808;@D164504FADCFF31682;@ADC
003810;@D170004FADCFF31682;@ADC
003818;@D171504FADCFF31682;@ADC
003820;@D173004FADCFF31682;@ADC
003828;@D174504FADCFF31682;@ADC
003830;@D180004FADCFF31692;@ADC
003838;@D181504FADCFF31682;@ADC
003840;@D183004FADCFF31692;@ADC
003848;@D184504FADCFF31692;@ADC
003850;@D190004FADCFF31692;@ADC
003858;@D191504FADCFF31692;@ADC
003860;@D193004FADCFF31692;@ADC
003868;@D194504FADCFF31692;@ADC
003870;@D200004FADCFF316A2;@ADC
003878;@D201504FADCFF31692;@ADC
003880;@D203004FADCFF316A2;@ADC
003888;@D204504FADCFF316A2;@ADC
003890;@D210004FADCFF31692;@ADC
003898;@D211504FADCFF31692;@ADC
0038A0;@D213004FADCFF31692;@ADC
0038A8;@D214504FADCFF31692;@ADC
0038B0;@D220004FADCFF31682;@ADC
0038B8;@D221504FADCFF31682;@ADC
0038C0;@D223004FADCFF31682;@ADC
0038C8;@D224504FADCFF31682;@ADC
0038D0;@D230004FADCFF31682;@ADC
0038D8;@D231504FADCFF31682;@ADC
0038E0;@D233004FADCFF31682;@ADC
0038E8;@D234504FADCFF31682;@ADC
0038F0;@DD2022052300000004;@
0038F8;@D000004FADCFF31682;@ADC
003900;@D001504FADCFF31682;@ADC
003908;@D003004FADCFF31682;@ADC
003910;@D004504FADCFF31692;@ADC
003918;@D010004FADCFF31692;@ADC
003920;@D011504FADCFF31692;@ADC
003928;@D013004FADCFF31692;@ADC
003930;@D014504FADCFF31682;@ADC
003938;@D020004FADCFF31682;@ADC
003940;@D021504FADCFF31682;@ADC
003948;@D023004FADCFF31682;@ADC
003950;@D024504FADCFF31692;@ADC
003958;@D030004FADCFF31692;@ADC
003960;@D031504FADCFF31692;@ADC
003968;@D033004FADCFF31682;@ADC
003970;@D034504FADCFF31692;@ADC
003978;@D040004FADCFF31692;@ADC
003980;@D041504FADCFF31692;@ADC
003988;@D043004FADCFF31692;@ADC
003990;@D044504FADCFF31692;@ADC
003998;@D050004FADCFF31682;@ADC
0039A0;@D051504FADCFF31682;@ADC
0039A8;@D053004FADCFF31682;@ADC
0039B0;@D054504FADCFF31682;@ADC
0039B8;@D060004FADCFF31682;@ADC
0039C0;@D061504FADCFF31682;@ADC
0039C8;@D063004FADCFF31682;@ADC
0039D0;@D064504FADCFF31682;@ADC
0039D8;@D070004FADCFF31682;@ADC
0039E0;@D071504FADCFF31672;@ADC
0039E8;@D073004FADCFF31672;@ADC
0039F0;@D074504FADCFF31672;@ADC
0039F8;@D080004FADCFF31672;@ADC
003A00;@D081504FADCFF31672;@ADC
003A08;@D083004FADCFF31662;@ADC
003A10;@D084504FADCFF31662;@ADC
003A18;@D090004FADCFF31662;@ADC
003A20;@D091504FADCFF31662;@ADC
003A28;@D093004FADCFF31652;@ADC
003A30;@D094504FADCFF31652;@ADC
003A38;@D100004FADCFF31652;@ADC
003A40;@D101504FADCFF31642;@ADC
003A48;@D103004FADCFF31642;@ADC
003A50;@D104504FADCFF31632;@ADC
003A58;@D110004FADCFF31632;@ADC
003A60;@D111504FADCFF31632;@ADC
003A68;@D113004FADCFF31632;@ADC
003A70;@D114504FADCFF31632;@ADC
003A78;@D120004FADCFF31632;@ADC
003A80;@D121504FADCFF31622;@ADC
003A88;@D123004FADCFF31622;@ADC
003A90;@D124504FADCFF31622;@ADC
003A98;@D130004FADCFF31622;@ADC
003AA0;@D131504FADCFF31622;@ADC
003AA8;@D133004FADCFF31622;@ADC
003AB0;@D134504FADCFF31622;@ADC
003AB8;@D140004FADCFF31612;@ADC
003AC0;@D141504FADCFF31612;@ADC
003AC8;@D143004FADCFF31612;@ADC
003AD0;@D144504FADCFF31612;@ADC
003AD8;@D150004FADCFF31612;@ADC
003AE0;@D151504FADCFF31612;@ADC
003AE8;@D153004FADCFF31612;@ADC
003AF0;@D154504FADCFF31612;@ADC
003AF8;@D160004FADCFF31612;@ADC
003B00;@D161504FADCFF31622;@ADC
003B08;@D163004FADCFF31612;@ADC
003B10;@D164504FADCFF31612;@ADC
003B18;@D170004FADCFF31612;@ADC
003B20;@D171504FADCFF31622;@ADC
003B28;@D173004FADCFF31622;@ADC
003B30;@D174504FADCFF31612;@ADC
003B38;@D180004FADCFF31612;@ADC
003B40;@D181504FADCFF31622;@ADC
003B48;@D183004FADCFF31622;@ADC
003B50;@D184504FADCFF31622;@ADC
003B58;@D190004FADCFF31622;@ADC
003B60;@D191504FADCFF31612;@ADC
003B68;@D193004FADCFF31622;@ADC
003B70;@D194504FADCFF31622;@ADC
003B78;@D200004FADCFF31612;@ADC
003B80;@D201504FADCFF31612;@ADC
003B88;@D203004FADCFF31612;@ADC
003B90;@D204504FADCFF31622;@ADC
003B98;@D210004FADCFF31612;@ADC
003BA0;@D211504FADCFF31612;@ADC
003BA8;@D213004FADCFF31622;@ADC
003BB0;@D214504FADCFF31612;@ADC
003BB8;@D220004FADCFF31622;@ADC
003BC0;@D221504FADCFF31622;@ADC
003BC8;@D223004FADCFF31612;@ADC
003BD0;@D224504FADCFF31612;@ADC
003BD8;@D230004FADCFF31612;@ADC
003BE0;@D231504FADCFF31612;@ADC
003BE8;@D233004FADCFF31612;@ADC
003BF0;@D234504FADCFF31612;@ADC
003BF8;@DD2022052400000004;@
003C00;@D000004FADCFF31612;@ADC
003C08;@D001504FADCFF31612;@ADC
003C10;@D003004FADCFF31602;@ADC
003C18;@D004504FADCFF31602;@ADC
003C20;@D010004FADCFF31602;@ADC
003C28;@D011504FADCFF31602;@ADC
003C30;@D013004FADCFF31602;@ADC
003C38;@D014504FADCFF315F2;@ADC
003C40;@D020004FADCFF315F2;@ADC
003C48;@D021504FADCFF315F2;@ADC
003C50;@D023004FADCFF315F2;@ADC
003C58;@D024504FADCFF315E2;@ADC
003C60;@D030004FADCFF315E2;@ADC
003C68;@D031504FADCFF315E2;@ADC
003C70;@D033004FADCFF315E2;@ADC
003C78;@D034504FADCFF315E2;@ADC
003C80;@D040004FADCFF315D2;@ADC
003C88;@D041504FADCFF315D2;@ADC
003C90;@D043004FADCFF315D2;@ADC
003C98;@D044504FADCFF315C2;@ADC
003CA0;@D050004FADCFF315C2;@ADC
003CA8;@D051504FADCFF315C2;@ADC
003CB0;@D053004FADCFF315B2;@ADC
003CB8;@D054504FADCFF315B2;@ADC
003CC0;@D060004FADCFF315B2;@ADC
003CC8;@D061504FADCFF315B2;@ADC
003CD0;@D063004FADCFF315A2;@ADC
003CD8;@D064504FADCFF315A2;@ADC
003CE0;@D070004FADCFF31592;@ADC
003CE8;@D071504FADCFF31592;@ADC
003CF0;@D073004FADCFF31582;@ADC
003CF8;@D074504FADCFF31582;@ADC
003D00;@D080004FADCFF31582;@ADC
003D08;@D081504FADCFF31572;@ADC
003D10;@D083004FADCFF31572;@ADC
003D18;@D084504FADCFF31562;@ADC
003D20;@D090004FADCFF31562;@ADC
003D28;@D091504FADCFF31552;@ADC
003D30;@D093004FADCFF31552;@ADC
003D38;@D094504FADCFF31552;@ADC
003D40;@D100004FADCFF31552;@ADC
003D48;@D101504FADCFF31542;@ADC
003D50;@D103004FADCFF31542;@ADC
003D58;@D104504FADCFF31532;@ADC
003D60;@D110004FADCFF31532;@ADC
003D68;@D111504FADCFF31532;@ADC
003D70;@D113004FADCFF31532;@ADC
003D78;@D114504FADCFF31522;@ADC
003D80;@D120004FADCFF31522;@ADC
003D88;@D121504FADCFF31522;@ADC
003D90;@D123004FADCFF31512;@ADC
003D98;@D124504FADCFF31512;@ADC
003DA0;@D130004FADCFF31512;@ADC
003DA8;@D131504FADCFF31512;@ADC
003DB0;@D133004FADCFF31502;@ADC
003DB8;@D134504FADCFF31502;@ADC
003DC0;@D140004FADCFF31502;@ADC
003DC8;@D141504FADCFF31502;@ADC
003DD0;@D143004FADCFF31502;@ADC
003DD8;@D144504FADCFF314F2;@ADC
003DE0;@D150004FADCFF314F2;@ADC
003DE8;@D151504FADCFF314F2;@ADC
003DF0;@D153004FADCFF314F2;@ADC
003DF8;@D154504FADCFF314F2;@ADC
003E00;@D160004FADCFF31502;@ADC
003E08;@D161504FADCFF31502;@ADC
003E10;@D163004FADCFF31502;@ADC
003E18;@D164504FADCFF31502;@ADC
003E20;@D170004FADCFF31502;@ADC
003E28;@D171504FADCFF31502;@ADC
003E30;@D173004FADCFF31502;@ADC
003E38;@D174504FADCFF31502;@ADC
003E40;@D180004FADCFF31502;@ADC
003E48;@D181504FADCFF31502;@ADC
003E50;@D183004FADCFF31502;@ADC
003E58;@D184504FADCFF31502;@ADC
003E60;@D190004FADCFF31502;@ADC
003E68;@D191504FADCFF31502;@ADC
003E70;@D193004FADCFF31502;@ADC
003E78;@D194504FADCFF31512;@ADC
003E80;@D200004FADCFF31512;@ADC
003E88;@D201504FADCFF31512;@ADC
003E90;@D203004FADCFF31512;@ADC
003E98;@D204504FADCFF31522;@ADC
003EA0;@D210004FADCFF31522;@ADC
003EA8;@D211504FADCFF31522;@ADC
003EB0;@D213004FADCFF31522;@ADC
003EB8;@D214504FADCFF31522;@ADC
003EC0;@D220004FADCFF31522;@ADC
003EC8;@D221504FADCFF31522;@ADC
003ED0;@D223004FADCFF31522;@ADC
003ED8;@D224504FADCFF31522;@ADC
003EE0;@D230004FADCFF31522;@ADC
003EE8;@D231504FADCFF31522;@ADC
003EF0;@D233004FADCFF31522;@ADC
003EF8;@D234504FADCFF31522;@ADC
003F00;@DD2022052500000004;@
003F08;@D000004FADCFF31532;@ADC
003F10;@D001504FADCFF31522;@ADC
003F18;@D003004FADCFF31522;@ADC
003F20;@D004504FADCFF31522;@ADC
003F28;@D010004FADCFF31522;@ADC
003F30;@D011504FADCFF31522;@ADC
003F38;@D013004FADCFF31522;@ADC
003F40;@D014504FADCFF31512;@ADC
003F48;@D020004FADCFF31512;@ADC
003F50;@D021504FADCFF31512;@ADC
003F58;@D023004FADCFF31512;@ADC
003F60;@D024504FADCFF31512;@ADC
003F68;@D030004FADCFF31502;@ADC
003F70;@D031504FADCFF31502;@ADC
003F78;@D033004FADCFF31502;@ADC
003F80;@D034504FADCFF31502;@ADC
003F88;@D040004FADCFF314F2;@ADC
003F90;@D041504FADCFF314F2;@ADC
003F98;@D043004FADCFF314F2;@ADC
003FA0;@D044504FADCFF314E2;@ADC
003FA8;@D050004FADCFF314E2;@ADC
003FB0;@D051504FADCFF314E2;@ADC
003FB8;@D053004FADCFF314D2;@ADC
003FC0;@D054504FADCFF314D2;@ADC
003FC8;@D060004FADCFF314D2;@ADC
003FD0;@D061504FADCFF314C2;@ADC
003FD8;@D063004FADCFF314C2;@ADC
003FE0;@D064504FADCFF314B2;@ADC
003FE8;@D070004FADCFF314B2;@ADC
003FF0;@D071504FADCFF314B2;@ADC
003FF8;@D073004FADCFF314B2;@ADC
004000;@D074504FADCFF314B2;@ADC
004008;@D080004FADCFF314A2;@ADC
004010;@D081504FADCFF314A2;@ADC
004018;@D083004FADCFF31492;@ADC
004020;@D084504FADCFF31492;@ADC
004028;@D090004FADCFF31482;@ADC
004030;@D091504FADCFF31482;@ADC
004038;@D093004FADCFF31482;@ADC
004040;@D094504FADCFF31472;@ADC
004048;@D100004FADCFF31472;@ADC
004050;@D101504FADCFF31472;@ADC
004058;@D103004FADCFF31462;@ADC
004060;@D104504FADCFF31462;@ADC
004068;@D110004FADCFF31462;@ADC
004070;@D111504FADCFF31462;@ADC
004078;@D113004FADCFF31462;@ADC
004080;@D114504FADCFF31452;@ADC
004088;@D120004FADCFF31452;@ADC
004090;@D121504FADCFF31452;@ADC
004098;@D123004FADCFF31452;@ADC
0040A0;@D124504FADCFF31462;@ADC
0040A8;@D130004FADCFF31462;@ADC
0040B0;@D131504FADCFF31452;@ADC
0040B8;@D133004FADCFF31462;@ADC
0040C0;@D134504FADCFF31462;@ADC
0040C8;@D140004FADCFF31462;@ADC
0040D0;@D141504FADCFF31462;@ADC
0040D8;@D143004FADCFF31472;@ADC
0040E0;@D144504FADCFF31472;@ADC
0040E8;@D150004FADCFF31482;@ADC
0040F0;@D151504FADCFF314A2;@ADC
0040F8;@D153004FADCFF314B2;@ADC
004100;@D154504FADCFF314D2;@ADC
004108;@D160004FADCFF314E2;@ADC
004110;@D161504FADCFF314F2;@ADC
004118;@D163004FADCFF31502;@ADC
004120;@D164504FADCFF31512;@ADC
004128;@D170004FADCFF31522;@ADC
004130;@D171504FADCFF31532;@ADC
004138;@D173004FADCFF31542;@ADC
004140;@D174504FADCFF31552;@ADC
004148;@D180004FADCFF31562;@ADC
004150;@D181504FADCFF31572;@ADC
004158;@D183004FADCFF31572;@ADC
004160;@D184504FADCFF31572;@ADC
004168;@D190004FADCFF31572;@ADC
004170;@D191504FADCFF31572;@ADC
004178;@D193004FADCFF31572;@ADC
004180;@D194504FADCFF31562;@ADC
004188;@D200004FADCFF31562;@ADC
004190;@D201504FADCFF31552;@ADC
004198;@D203004FADCFF31552;@ADC
0041A0;@D204504FADCFF31552;@ADC
0041A8;@D210004FADCFF31552;@ADC
0041B0;@D211504FADCFF31552;@ADC
0041B8;@D213004FADCFF31542;@ADC
0041C0;@D214504FADCFF31542;@ADC
0041C8;@D220004FADCFF31542;@ADC
0041D0;@D221504FADCFF31542;@ADC
0041D8;@D223004FADCFF31542;@ADC
0041E0;@D224504FADCFF31532;@ADC
0041E8;@D230004FADCFF31532;@ADC
0041F0;@D231504FADCFF31532;@ADC
0041F8;@D233004FADCFF31532;@ADC
004200;@D234504FADCFF31522;@ADC
004208;@DD2022052600000004;@
004210;@D000004FADCFF31522;@ADC
004218;@D001504FADCFF31522;@ADC
004220;@D003004FADCFF31522;@ADC
004228;@D004504FADCFF31512;@ADC
004230;@D010004FADCFF31522;@ADC
004238;@D011504FADCFF31512;@ADC
004240;@D013004FADCFF31512;@ADC
004248;@D014504FADCFF31512;@ADC
004250;@D020004FADCFF31512;@ADC
004258;@D021504FADCFF31512;@ADC
004260;@D023004FADCFF31512;@ADC
004268;@D024504FADCFF31512;@ADC
004270;@D030004FADCFF31502;@ADC
004278;@D031504FADCFF31502;@ADC
004280;@D033004FADCFF31502;@ADC
004288;@D034504FADCFF31502;@ADC
004290;@D040004FADCFF31502;@ADC
004298;@D041504FADCFF31502;@ADC
0042A0;@D043004FADCFF314F2;@ADC
0042A8;@D044504FADCFF314F2;@ADC
0042B0;@D050004FADCFF314F2;@ADC
0042B8;@D051504FADCFF314F2;@ADC
0042C0;@D053004FADCFF314F2;@ADC
0042C8;@D054504FADCFF314F2;@ADC
0042D0;@D060004FADCFF314E2;@ADC
0042D8;@D061504FADCFF314E2;@ADC
0042E0;@D063004FADCFF314E2;@ADC
0042E8;@D064504FADCFF314D2;@ADC
0042F0;@D070004FADCFF314D2;@ADC
0042F8;@D071504FADCFF314D2;@ADC
004300;@D073004FADCFF314D2;@ADC
004308;@D074504FADCFF314C2;@ADC
004310;@D080004FADCFF314C2;@ADC
004318;@D081504FADCFF314B2;@ADC
004320;@D083004FADCFF314B2;@ADC
004328;@D084504FADCFF314B2;@ADC
004330;@D090004FADCFF314B2;@ADC
004338;@D091504FADCFF314B2;@ADC
004340;@D093004FADCFF314A2;@ADC
004348;@D094504FADCFF314A2;@ADC
004350;@D100004FADCFF314A2;@ADC
004358;@D101504FADCFF314A2;@ADC
004360;@D103004FADCFF31492;@ADC
004368;@D104504FADCFF31492;@ADC
004370;@D110004FADCFF31492;@ADC
004378;@D111504FADCFF31492;@ADC
004380;@D113004FADCFF31492;@ADC
004388;@D114504FADCFF31492;@ADC
004390;@D120004FADCFF31492;@ADC
004398;@D121504FADCFF31492;@ADC
0043A0;@D123004FADCFF31492;@ADC
0043A8;@D124504FADCFF31492;@ADC
0043B0;@D130004FADCFF31492;@ADC
0043B8;@D131504FADCFF31492;@ADC
0043C0;@D133004FADCFF314A2;@ADC
0043C8;@D134504FADCFF31492;@ADC
0043D0;@D140004FADCFF31492;@ADC
0043D8;@D141504FADCFF314A2;@ADC
0043E0;@D143004FADCFF314A2;@ADC
0043E8;@D144504FADCFF314A2;@ADC
0043F0;@D150004FADCFF314A2;@ADC
0043F8;@D151504FADCFF314A2;@ADC
004400;@D153004FADCFF314B2;@ADC
004408;@D154504FADCFF314B2;@ADC
004410;@D160004FADCFF314B2;@ADC
004418;@D161504FADCFF314B2;@ADC
004420;@D163004FADCFF314C2;@ADC
004428;@D164504FADCFF314B2;@ADC
004430;@D170004FADCFF314B2;@ADC
004438;@D171504FADCFF314C2;@ADC
004440;@D173004FADCFF314C2;@ADC
004448;@D174504FADCFF314C2;@ADC
004450;@D180004FADCFF314D2;@ADC
004458;@D181504FADCFF314D2;@ADC
004460;@D183004FADCFF314D2;@ADC
004468;@D184504FADCFF314E2;@ADC
004470;@D190004FADCFF314E2;@ADC
004478;@D191504FADCFF314E2;@ADC
004480;@D193004FADCFF314E2;@ADC
004488;@D194504FADCFF314F2;@ADC
004490;@D200004FADCFF314F2;@ADC
004498;@D201504FADCFF31502;@ADC
0044A0;@D203004FADCFF31502;@ADC
0044A8;@D204504FADCFF31502;@ADC
0044B0;@D210004FADCFF31512;@ADC
0044B8;@D211504FADCFF31512;@ADC
0044C0;@D213004FADCFF31512;@ADC
0044C8;@D214504FADCFF31512;@ADC
0044D0;@D220004FADCFF31522;@ADC
0044D8;@D221504FADCFF31522;@ADC
0044E0;@D223004FADCFF31532;@ADC
0044E8;@D224504FADCFF31532;@ADC
0044F0;@D230004FADCFF31532;@ADC
0044F8;@D231504FADCFF31542;@ADC
004500;@D233004FADCFF31542;@ADC
004508;@D234504FADCFF31542;@ADC
004510;@DD2022052700000004;@
004518;@D000004FADCFF31542;@ADC
004520;@D001504FADCFF31542;@ADC
004528;@D003004FADCFF31542;@ADC
004530;@D004504FADCFF31542;@ADC
004538;@D010004FADCFF31542;@ADC
004540;@D011504FADCFF31542;@ADC
004548;@D013004FADCFF31542;@ADC
004550;@D014504FADCFF31552;@ADC
004558;@D020004FADCFF31542;@ADC
004560;@D021504FADCFF31552;@ADC
004568;@D023004FADCFF31552;@ADC
004570;@D024504FADCFF31552;@ADC
004578;@D030004FADCFF31552;@ADC
004580;@D031504FADCFF31552;@ADC
004588;@D033004FADCFF31552;@ADC
004590;@D034504FADCFF31552;@ADC
004598;@D040004FADCFF31552;@ADC
0045A0;@D041504FADCFF31552;@ADC
0045A8;@D043004FADCFF31542;@ADC
0045B0;@D044504FADCFF31542;@ADC
0045B8;@D050004FADCFF31552;@ADC
0045C0;@D051504FADCFF31542;@ADC
0045C8;@D053004FADCFF31552;@ADC
0045D0;@D054504FADCFF31542;@ADC
0045D8;@D060004FADCFF31542;@ADC
0045E0;@D061504FADCFF31542;@ADC
0045E8;@D063004FADCFF31542;@ADC
0045F0;@D064504FADCFF31542;@ADC
0045F8;@D070004FADCFF31542;@ADC
004600;@D071504FADCFF31542;@ADC
004608;@D073004FADCFF31542;@ADC
004610;@D074504FADCFF31542;@ADC
004618;@D080004FADCFF31542;@ADC
004620;@D081504FADCFF31542;@ADC
004628;@D083004FADCFF31532;@ADC
004630;@D084504FADCFF31542;@ADC
004638;@D090004FADCFF31532;@ADC
004640;@D091504FADCFF31532;@ADC
004648;@D093004FADCFF31532;@ADC
004650;@D094504FADCFF31532;@ADC
004658;@D100004FADCFF31532;@ADC
004660;@D101504FADCFF31532;@ADC
004668;@D103004FADCFF31532;@ADC
004670;@D104504FADCFF31532;@ADC
004678;@D110004FADCFF31532;@ADC
004680;@D111504FADCFF31532;@ADC
004688;@D113004FADCFF31532;@ADC
004690;@D114504FADCFF31522;@ADC
004698;@D120004FADCFF31532;@ADC
0046A0;@D121504FADCFF31532;@ADC
0046A8;@D123004FADCFF31532;@ADC
0046B0;@D124504FADCFF31532;@ADC
0046B8;@D130004FADCFF31532;@ADC
0046C0;@D131504FADCFF31522;@ADC
0046C8;@D133004FADCFF31532;@ADC
0046D0;@D134504FADCFF31532;@ADC
0046D8;@D140004FADCFF31532;@ADC
0046E0;@D141504FADCFF31532;@ADC
0046E8;@D143004FADCFF31532;@ADC
0046F0;@D144504FADCFF31532;@ADC
0046F8;@D150004FADCFF31532;@ADC
004700;@D151504FADCFF31532;@ADC
004708;@D153004FADCFF31532;@ADC
004710;@D154504FADCFF31532;@ADC
004718;@D160004FADCFF31532;@ADC
004720;@D161504FADCFF31532;@ADC
004728;@D163004FADCFF31542;@ADC
004730;@D164504FADCFF31542;@ADC
004738;@D170004FADCFF31542;@ADC
004740;@D171504FADCFF31542;@ADC
004748;@D173004FADCFF31542;@ADC
004750;@D174504FADCFF31542;@ADC
004758;@D180004FADCFF31542;@ADC
004760;@D181504FADCFF31552;@ADC
004768;@D183004FADCFF31552;@ADC
004770;@D184504FADCFF31552;@ADC
004778;@D190004FADCFF31552;@ADC
004780;@D191504FADCFF31552;@ADC
004788;@D193004FADCFF31562;@ADC
004790;@D194504FADCFF31562;@ADC
004798;@D200004FADCFF31562;@ADC
0047A0;@D201504FADCFF31562;@ADC
0047A8;@D203004FADCFF31562;@ADC
0047B0;@D204504FADCFF31562;@ADC
0047B8;@D210004FADCFF31572;@ADC
0047C0;@D211504FADCFF31572;@ADC
0047C8;@D213004FADCFF31572;@ADC
0047D0;@D214504FADCFF31572;@ADC
0047D8;@D220004FADCFF31572;@ADC
0047E0;@D221504FADCFF31572;@ADC
0047E8;@D223004FADCFF31572;@ADC
0047F0;@D224504FADCFF31572;@ADC
0047F8;@D230004FADCFF31572;@ADC
004800;@D231504FADCFF31572;@ADC
004808;@D233004FADCFF31582;@ADC
004810;@D234504FADCFF31582;@ADC
@E=$004820;D;2022/05/28,00:00:00+04;@004820
@DD2022052800000004@D000004FADCFF31582@D001504FADCFF31582@D003004FADCFF31582@D004504FADCFF31582@D010004FADCFF31582@D011504FADCFF31582@D013004FADCFF31582@D014504FADCFF31582@D020004FADCFF31582@D021504FADCFF31582@D023004FADCFF31582@D024504FADCFF31582@D030004FADCFF31582@D031504FADCFF31582@D033004FADCFF31572@D034504FADCFF31572@D040004FADCFF31572@D041504FADCFF31572@D043004FADCFF31572@D044504FADCFF31572@D050004FADCFF31572@D051504FADCFF31562@D053004FADCFF31562@D054504FADCFF31562@D060004FADCFF31562@D061504FADCFF31562@D063004FADCFF31562@D064504FADCFF31552@D070004FADCFF31552@D071504FADCFF31552@D073004FADCFF31552@D074504FADCFF31552@D080004FADCFF31552@D081504FADCFF31542@D083004FADCFF31542@D084504FADCFF31542@D090004FADCFF31542@D091504FADCFF31542@D093004FADCFF31532@D094504FADCFF31532@D100004FADCFF31532@D101504FADCFF31532@D103004FADCFF31522@D104504FADCFF31522@D110004FADCFF31522@D111504FADCFF31522@D113004FADCFF31512@D114504FADCFF31522@D120004FADCFF31522@D121504FADCFF31522@D123004FADCFF31522@D124504FADCFF31522@D130004FADCFF31522@D131504FADCFF31522@D133004FADCFF31532@D134504FADCFF31532@D140004FADCFF31532@D141504FADCFF31532@D143004FADCFF31532@D144504FADCFF31542@D150004FADCFF31542@D151504FADCFF31542@D153004FADCFF31542@D154504FADCFF31542@D160004FADCFF31542@D161504FADCFF31542@D163004FADCFF31552@D164504FADCFF31552@D170004FADCFF31552@D171504FADCFF31552@D173004FADCFF31552@D174504FADCFF31552@D180004FADCFF31562@D181504FADCFF31562@D183004FADCFF31562@D184504FADCFF31562@D190004FADCFF31572@D191504FADCFF31572@D193004FADCFF31572@D194504FADCFF31572@D200004FADCFF31572@D201504FADCFF31582@D203004FADCFF31582@D204504FADCFF31582@D210004FADCFF31582@D211504FADCFF31582@D213004FADCFF31582@D214504FADCFF31582@D220004FADCFF31582@D221504FADCFF31592@D223004FADCFF31582@D224504FADCFF31592@D230004FADCFF31592@D231504FADCFF31592@D233004FADCFF31592@D234504FADCFF31592@DD2022052900000004@D000004FADCFF31592@D001504FADCFF31592@D003004FADCFF31592@D004504FADCFF31592@D010004FADCFF31592@D011504FADCFF31592@D013004FADCFF31592@D014504FADCFF31592@D020004FADCFF31592@D021504FADCFF31592@D023004FADCFF31592@D024504FADCFF31592@D030004FADCFF31592@D031504FADCFF31592@D033004FADCFF31592@D034504FADCFF31592@D040004FADCFF31592@D041504FADCFF31582@D043004FADCFF31582@D044504FADCFF31582@D050004FADCFF31582@D051504FADCFF31582@D053004FADCFF31572@D054504FADCFF31572@D060004FADCFF31572@D061504FADCFF31572@D063004FADCFF31572@D064504FADCFF31572@D070004FADCFF31562@D071504FADCFF31562@D073004FADCFF31562@D074504FADCFF31562@D080004FADCFF31552@D081504FADCFF31552@D083004FADCFF31542@D084504FADCFF31542@D090004FADCFF31542@D091504FADCFF31532@D093004FADCFF31532@D094504FADCFF31522@D100004FADCFF31522@D101504FADCFF31522@D103004FADCFF31512@D104504FADCFF31512@D110004FADCFF31502@D111504FADCFF31502@D113004FADCFF31502@D114504FADCFF31512@D120004FADCFF31512@D121504FADCFF31512@D123004FADCFF31512@D124504FADCFF31512@D130004FADCFF31512@D131504FADCFF31522@D133004FADCFF31522@D134504FADCFF31522@D140004FADCFF31522@D141504FADCFF31522@D143004FADCFF31522@D144504FADCFF31522@D150004FADCFF31532@D151504FADCFF31532@D153004FADCFF31532@D154504FADCFF31532@D160004FADCFF31532@D161504FADCFF31542@D163004FADCFF31542@D164504FADCFF31542@D170004FADCFF31552@D171504FADCFF31552@D173004FADCFF31552@D174504FADCFF31552@D180004FADCFF31562@D181504FADCFF31562@D183004FADCFF31562@D184504FADCFF31562@D190004FADCFF31572@D191504FADCFF31572@D193004FADCFF31572@D194504FADCFF31572@D200004FADCFF31582@D201504FADCFF31582@D203004FADCFF31582@D204504FADCFF31592@D210004FADCFF31592@D211504FADCFF31592@D213004FADCFF31592@D214504FADCFF315A2@D220004FADCFF315A2@D221504FADCFF315A2@D223004FADCFF315B2@D224504FADCFF315B2@D230004FADCFF315B2@D231504FADCFF315B2@D233004FADCFF315B2@D234504FADCFF315B2@DD2022053000000004@D000004FADCFF315C2@D001504FADCFF315C2@D003004FADCFF315C2@D004504FADCFF315C2@D010004FADCFF315C2@D011504FADCFF315C2@D013004FADCFF315C2@D014504FADCFF315D2@D020004FADCFF315D2@D021504FADCFF315C2@D023004FADCFF315D2@D024504FADCFF315D2@D030004FADCFF315D2@D031504FADCFF315D2@D033004FADCFF315D2@D034504FADCFF315D2@D040004FADCFF315D2@D041504FADCFF315D2@D043004FADCFF315C2@D044504FADCFF315D2@D050004FADCFF315C2@D051504FADCFF315C2@D053004FADCFF315C2@D054504FADCFF315C2@D060004FADCFF315C2@D061504FADCFF315B2@D063004FADCFF315C2@D064504FADCFF315B2@D070004FADCFF315B2@D071504FADCFF315B2@D073004FADCFF315B2@D074504FADCFF315B2@D080004FADCFF315B2@D081504FADCFF315A2@D083004FADCFF315A2@D084504FADCFF315A2@D090004FADCFF315A2@D091504FADCFF31592@D093004FADCFF31592@D094504FADCFF31592@D100004FADCFF31592@D101504FADCFF31592@D103004FADCFF31582@D104504FADCFF31582@D110004FADCFF31582@D111504FADCFF31582@D113004FADCFF31582@D114504FADCFF31582@D120004FADCFF31582@D121504FADCFF31582@D123004FADCFF31582@D124504FADCFF31592@D130004FADCFF31592@D131504FADCFF31592@D133004FADCFF31592@D134504FADCFF31592@D140004FADCFF31592@D141504FADCFF31592@D143004FADCFF315A2@D144504FADCFF315A2@D150004FADCFF315A2@D151504FADCFF315A2@D153004FADCFF315A2@D154504FADCFF315A2@D160004FADCFF315B2@D161504FADCFF315B2@D163004FADCFF315B2@D164504FADCFF315B2@D170004FADCFF315C2@D171504FADCFF315D2@D173004FADCFF315D2@D174504FADCFF315E2@D180004FADCFF315E2@D181504FADCFF315E2@D183004FADCFF315F2@D184504FADCFF315F2@D190004FADCFF31602@D191504FADCFF31602@D193004FADCFF31602@D194504FADCFF31602@D200004FADCFF31612@D201504FADCFF31612@D203004FADCFF31612@D204504FADCFF31622@D210004FADCFF31632@D211504FADCFF31632@D213004FADCFF31632@D214504FADCFF31642@D220004FADCFF31642@D221504FADCFF31642@D223004FADCFF31642@D224504FADCFF31652@D230004FADCFF31662@D231504FADCFF31662@D233004FADCFF31652@D234504FADCFF31652@DD2022053100000004@D000004FADCFF31652@D001504FADCFF31652@D003004FADCFF31652@D004504FADCFF31652@D010004FADCFF31652@D011504FADCFF31652@D013004FADCFF31662@D014504FADCFF31652@D020004FADCFF31652@D021504FADCFF31662@D023004FADCFF31662@D024504FADCFF31662@D030004FADCFF31662@D031504FADCFF31662@D033004FADCFF31662@D034504FADCFF31662@D040004FADCFF31662@D041504FADCFF31662@D043004FADCFF31652@D044504FADCFF31662@D050004FADCFF31662@D051504FADCFF31652@D053004FADCFF31652@D054504FADCFF31652@D060004FADCFF31652@D061504FADCFF31652@D063004FADCFF31652@D064504FADCFF31652@D070004FADCFF31652@D071504FADCFF31642@D073004FADCFF31652@D074504FADCFF31642@D080004FADCFF31642@D081504FADCFF31642@D083004FADCFF31642@D084504FADCFF31642@D090004FADCFF31642@D091504FADCFF31642@D093004FADCFF31632@D094504FADCFF31632@D100004FADCFF31632@D101504FADCFF31632@D103004FADCFF31632@D104504FADCFF31632@D110004FADCFF31632@D111504FADCFF31632@D113004FADCFF31632@D114504FADCFF31632@D120004FADCFF31632@D121504FADCFF31642@D123004FADCFF31642@D124504FADCFF31642@D130004FADCFF31642@D131504FADCFF31652@D133004FADCFF31652@D134504FADCFF31652@D140004FADCFF31662@D141504FADCFF31662@D143004FADCFF31662@D144504FADCFF31662@D150004FADCFF31662@D151504FADCFF31672@D153004FADCFF31672@D154504FADCFF31672@D160004FADCFF31672@D161504FADCFF31672@D163004FADCFF31672@D164504FADCFF31672@D170004FADCFF31672@D171504FADCFF31672@D173004FADCFF31682@D174504FADCFF31682@D180004FADCFF31682@D181504FADCFF31682@D183004FADCFF31682@D184504FADCFF31682@D190004FADCFF31682@D191504FADCFF31692@D193004FADCFF31682@D194504FADCFF31682@D200004FADCFF31692@D201504FADCFF31692@D203004FADCFF31692@D204504FADCFF31692@D210004FADCFF31692@D211504FADCFF31692@D213004FADCFF31692@D214504FADCFF31692@D220004FADCFF31692@D221504FADCFF31692@D223004FADCFF31692@D224504FADCFF31682@D230004FADCFF31682@D231504FADCFF31682@D233004FADCFF31682@D234504FADCFF31682@DD2022060100000004@D000004FADCFF31682@D001504FADCFF31682@D003004FADCFF31682@D004504FADCFF31682@D010004FADCFF31672@D011504FADCFF31682@D013004FADCFF31682@D014504FADCFF31682@D020004FADCFF31682@D021504FADCFF31682@D023004FADCFF31692@D024504FADCFF31692@D030004FADCFF31692@D031504FADCFF31682@D033004FADCFF31692@D034504FADCFF31692@D040004FADCFF31692@D041504FADCFF31692@D043004FADCFF31682@D044504FADCFF31692@D050004FADCFF31682@D051504FADCFF31682@D053004FADCFF31682@D054504FADCFF31682@D060004FADCFF31692@D061504FADCFF31682@D063004FADCFF31692@D064504FADCFF31692@D070004FADCFF31682@D071504FADCFF31692@D073004FADCFF31682@D074504FADCFF31682@D080004FADCFF31682@D081504FADCFF31682@D083004FADCFF31682@D084504FADCFF31682@D090004FADCFF31682@D091504FADCFF31682@D093004FADCFF31682@D094504FADCFF31682@D100004FADCFF31682@D101504FADCFF31672@D103004FADCFF31682@D104504FADCFF31672@D110004FADCFF31672@D111504FADCFF31672@D113004FADCFF31672@D114504FADCFF31682@D120004FADCFF31682@D121504FADCFF31682@D123004FADCFF31682@D124504FADCFF31682@D130004FADCFF31682@D131504FADCFF31692@D133004FADCFF31682@D134504FADCFF31682@D140004FADCFF31682@D141504FADCFF31692@D143004FADCFF31692@D144504FADCFF31692@D150004FADCFF31692@D151504FADCFF31692@D153004FADCFF31692@D154504FADCFF31692@D160004FADCFF31692@D161504FADCFF31692@D163004FADCFF31692@D164504FADCFF31692@D170004FADCFF316A2@D171504FADCFF316A2@D173004FADCFF316A2@D174504FADCFF316A2@D180004FADCFF316A2@D181504FADCFF316A2@D183004FADCFF316A2@D184504FADCFF316B2@D190004FADCFF316A2@D191504FADCFF316A2@D193004FADCFF316A2@D194504FADCFF316A2@D200004FADCFF316A2@D201504FADCFF316A2@D203004FADCFF316A2@D204504FADCFF31692@D210004FADCFF31692@D211504FADCFF31692@D213004FADCFF31682@D214504FADCFF31692@D220004FADCFF31692@D221504FADCFF31682@D223004FADCFF31692@D224504FADCFF31682@D230004FADCFF31682@D231504FADCFF31682@D233004FADCFF31682@D234504FADCFF31682@DD2022060200000004@D000004FADCFF31682@D001504FADCFF31682@D003004FADCFF31682@D004504FADCFF31682@D010004FADCFF31682@D011504FADCFF31682@D013004FADCFF31682@D014504FADCFF31682@D020004FADCFF31682@D021504FADCFF31682@D023004FADCFF31682@D024504FADCFF31682@D030004FADCFF31682@D031504FADCFF31692@D033004FADCFF31692@D034504FADCFF31682@D040004FADCFF31692@D041504FADCFF31692@D043004FADCFF31692@D044504FADCFF31692@D050004FADCFF31682@D051504FADCFF31692@D053004FADCFF31692@D054504FADCFF31692@D060004FADCFF31692@D061504FADCFF31692@D063004FADCFF31692@D064504FADCFF31692@D070004FADCFF31692@D071504FADCFF31692@D073004FADCFF31692@D074504FADCFF31692@D080004FADCFF31692@D081504FADCFF31692@D083004FADCFF31692@D084504FADCFF31692@D090004FADCFF31692@D091504FADCFF31692@D093004FADCFF31692@D094504FADCFF31692@D100004FADCFF31692@D101504FADCFF31692@D103004FADCFF31692@D104504FADCFF31692@D110004FADCFF31692@D111504FADCFF31692@D113004FADCFF31692@D114504FADCFF31692@D120004FADCFF31692@D121504FADCFF316A2@D123004FADCFF316A2@D124504FADCFF316A2@D130004FADCFF316A2@D131504FADCFF316A2@D133004FADCFF316A2@D134504FADCFF316A2@D140004FADCFF316A2@D141504FADCFF316B2@D143004FADCFF316C2@D144504FADCFF316D2@D150004FADCFF316E2@D151504FADCFF316E2@D153004FADCFF316F2@D154504FADCFF316F2@D160004FADCFF316F2@D161504FADCFF31702@D163004FADCFF31702@D164504FADCFF31702@D170004FADCFF31702@D171504FADCFF31712@D173004FADCFF31712@D174504FADCFF31712@D180004FADCFF31722@D181504FADCFF31722@D183004FADCFF31722@D184504FADCFF31732@D190004FADCFF31722@D191504FADCFF31722@D193004FADCFF31722@D194504FADCFF31712@D200004FADCFF31712@D201504FADCFF31702@D203004FADCFF31702@D204504FADCFF316F2@D210004FADCFF316F2@D211504FADCFF316E2@D213004FADCFF316D2@D214504FADCFF316E2@D220004FADCFF316D2@D221504FADCFF316D2@D223004FADCFF316D2@D224504FADCFF316D2@D230004FADCFF316D2@D231504FADCFF316D2@D233004FADCFF316D2@D234504FADCFF316D2@E=$005A50;D;2022/06/03,00:00:00+04;@004820
004820;@DD2022052800000004;@
004828;@D000004FADCFF31582;@ADC
004830;@D001504FADCFF31582;@ADC
004838;@D003004FADCFF31582;@ADC
004840;@D004504FADCFF31582;@ADC
004848;@D010004FADCFF31582;@ADC
004850;@D011504FADCFF31582;@ADC
004858;@D013004FADCFF31582;@ADC
004860;@D014504FADCFF31582;@ADC
004868;@D020004FADCFF31582;@ADC
004870;@D021504FADCFF31582;@ADC
004878;@D023004FADCFF31582;@ADC
004880;@D024504FADCFF31582;@ADC
004888;@D030004FADCFF31582;@ADC
004890;@D031504FADCFF31582;@ADC
004898;@D033004FADCFF31572;@ADC
0048A0;@D034504FADCFF31572;@ADC
0048A8;@D040004FADCFF31572;@ADC
0048B0;@D041504FADCFF31572;@ADC
0048B8;@D043004FADCFF31572;@ADC
0048C0;@D044504FADCFF31572;@ADC
0048C8;@D050004FADCFF31572;@ADC
0048D0;@D051504FADCFF31562;@ADC
0048D8;@D053004FADCFF31562;@ADC
0048E0;@D054504FADCFF31562;@ADC
0048E8;@D060004FADCFF31562;@ADC
0048F0;@D061504FADCFF31562;@ADC
0048F8;@D063004FADCFF31562;@ADC
004900;@D064504FADCFF31552;@ADC
004908;@D070004FADCFF31552;@ADC
004910;@D071504FADCFF31552;@ADC
004918;@D073004FADCFF31552;@ADC
004920;@D074504FADCFF31552;@ADC
004928;@D080004FADCFF31552;@ADC
004930;@D081504FADCFF31542;@ADC
004938;@D083004FADCFF31542;@ADC
004940;@D084504FADCFF31542;@ADC
004948;@D090004FADCFF31542;@ADC
004950;@D091504FADCFF31542;@ADC
004958;@D093004FADCFF31532;@ADC
004960;@D094504FADCFF31532;@ADC
004968;@D100004FADCFF31532;@ADC
004970;@D101504FADCFF31532;@ADC
004978;@D103004FADCFF31522;@ADC
004980;@D104504FADCFF31522;@ADC
004988;@D110004FADCFF31522;@ADC
004990;@D111504FADCFF31522;@ADC
004998;@D113004FADCFF31512;@ADC
0049A0;@D114504FADCFF31522;@ADC
0049A8;@D120004FADCFF31522;@ADC
0049B0;@D121504FADCFF31522;@ADC
0049B8;@D123004FADCFF31522;@ADC
0049C0;@D124504FADCFF31522;@ADC
0049C8;@D130004FADCFF31522;@ADC
0049D0;@D131504FADCFF31522;@ADC
0049D8;@D133004FADCFF31532;@ADC
0049E0;@D134504FADCFF31532;@ADC
0049E8;@D140004FADCFF31532;@ADC
0049F0;@D141504FADCFF31532;@ADC
0049F8;@D143004FADCFF31532;@ADC
004A00;@D144504FADCFF31542;@ADC
004A08;@D150004FADCFF31542;@ADC
004A10;@D151504FADCFF31542;@ADC
004A18;@D153004FADCFF31542;@ADC
004A20;@D154504FADCFF31542;@ADC
004A28;@D160004FADCFF31542;@ADC
004A30;@D161504FADCFF31542;@ADC
004A38;@D163004FADCFF31552;@ADC
004A40;@D164504FADCFF31552;@ADC
004A48;@D170004FADCFF31552;@ADC
004A50;@D171504FADCFF31552;@ADC
004A58;@D173004FADCFF31552;@ADC
004A60;@D174504FADCFF31552;@ADC
004A68;@D180004FADCFF31562;@ADC
004A70;@D181504FADCFF31562;@ADC
004A78;@D183004FADCFF31562;@ADC
004A80;@D184504FADCFF31562;@ADC
004A88;@D190004FADCFF31572;@ADC
004A90;@D191504FADCFF31572;@ADC
004A98;@D193004FADCFF31572;@ADC
004AA0;@D194504FADCFF31572;@ADC
004AA8;@D200004FADCFF31572;@ADC
004AB0;@D201504FADCFF31582;@ADC
004AB8;@D203004FADCFF31582;@ADC
004AC0;@D204504FADCFF31582;@ADC
004AC8;@D210004FADCFF31582;@ADC
004AD0;@D211504FADCFF31582;@ADC
004AD8;@D213004FADCFF31582;@ADC
004AE0;@D214504FADCFF31582;@ADC
004AE8;@D220004FADCFF31582;@ADC
004AF0;@D221504FADCFF31592;@ADC
004AF8;@D223004FADCFF31582;@ADC
004B00;@D224504FADCFF31592;@ADC
004B08;@D230004FADCFF31592;@ADC
004B10;@D231504FADCFF31592;@ADC
004B18;@D233004FADCFF31592;@ADC
004B20;@D234504FADCFF31592;@ADC
004B28;@DD2022052900000004;@
004B30;@D000004FADCFF31592;@ADC
004B38;@D001504FADCFF31592;@ADC
004B40;@D003004FADCFF31592;@ADC
004B48;@D004504FADCFF31592;@ADC
004B50;@D010004FADCFF31592;@ADC
004B58;@D011504FADCFF31592;@ADC
004B60;@D013004FADCFF31592;@ADC
004B68;@D014504FADCFF31592;@ADC
004B70;@D020004FADCFF31592;@ADC
004B78;@D021504FADCFF31592;@ADC
004B80;@D023004FADCFF31592;@ADC
004B88;@D024504FADCFF31592;@ADC
004B90;@D030004FADCFF31592;@ADC
004B98;@D031504FADCFF31592;@ADC
004BA0;@D033004FADCFF31592;@ADC
004BA8;@D034504FADCFF31592;@ADC
004BB0;@D040004FADCFF31592;@ADC
004BB8;@D041504FADCFF31582;@ADC
004BC0;@D043004FADCFF31582;@ADC
004BC8;@D044504FADCFF31582;@ADC
004BD0;@D050004FADCFF31582;@ADC
004BD8;@D051504FADCFF31582;@ADC
004BE0;@D053004FADCFF31572;@ADC
004BE8;@D054504FADCFF31572;@ADC
004BF0;@D060004FADCFF31572;@ADC
004BF8;@D061504FADCFF31572;@ADC
004C00;@D063004FADCFF31572;@ADC
004C08;@D064504FADCFF31572;@ADC
004C10;@D070004FADCFF31562;@ADC
004C18;@D071504FADCFF31562;@ADC
004C20;@D073004FADCFF31562;@ADC
004C28;@D074504FADCFF31562;@ADC
004C30;@D080004FADCFF31552;@ADC
004C38;@D081504FADCFF31552;@ADC
004C40;@D083004FADCFF31542;@ADC
004C48;@D084504FADCFF31542;@ADC
004C50;@D090004FADCFF31542;@ADC
004C58;@D091504FADCFF31532;@ADC
004C60;@D093004FADCFF31532;@ADC
004C68;@D094504FADCFF31522;@ADC
004C70;@D100004FADCFF31522;@ADC
004C78;@D101504FADCFF31522;@ADC
004C80;@D103004FADCFF31512;@ADC
004C88;@D104504FADCFF31512;@ADC
004C90;@D110004FADCFF31502;@ADC
004C98;@D111504FADCFF31502;@ADC
004CA0;@D113004FADCFF31502;@ADC
004CA8;@D114504FADCFF31512;@ADC
004CB0;@D120004FADCFF31512;@ADC
004CB8;@D121504FADCFF31512;@ADC
004CC0;@D123004FADCFF31512;@ADC
004CC8;@D124504FADCFF31512;@ADC
004CD0;@D130004FADCFF31512;@ADC
004CD8;@D131504FADCFF31522;@ADC
004CE0;@D133004FADCFF31522;@ADC
004CE8;@D134504FADCFF31522;@ADC
004CF0;@D140004FADCFF31522;@ADC
004CF8;@D141504FADCFF31522;@ADC
004D00;@D143004FADCFF31522;@ADC
004D08;@D144504FADCFF31522;@ADC
004D10;@D150004FADCFF31532;@ADC
004D18;@D151504FADCFF31532;@ADC
004D20;@D153004FADCFF31532;@ADC
004D28;@D154504FADCFF31532;@ADC
004D30;@D160004FADCFF31532;@ADC
004D38;@D161504FADCFF31542;@ADC
004D40;@D163004FADCFF31542;@ADC
004D48;@D164504FADCFF31542;@ADC
004D50;@D170004FADCFF31552;@ADC
004D58;@D171504FADCFF31552;@ADC
004D60;@D173004FADCFF31552;@ADC
004D68;@D174504FADCFF31552;@ADC
004D70;@D180004FADCFF31562;@ADC
004D78;@D181504FADCFF31562;@ADC
004D80;@D183004FADCFF31562;@ADC
004D88;@D184504FADCFF31562;@ADC
004D90;@D190004FADCFF31572;@ADC
004D98;@D191504FADCFF31572;@ADC
004DA0;@D193004FADCFF31572;@ADC
004DA8;@D194504FADCFF31572;@ADC
004DB0;@D200004FADCFF31582;@ADC
004DB8;@D201504FADCFF31582;@ADC
004DC0;@D203004FADCFF31582;@ADC
004DC8;@D204504FADCFF31592;@ADC
004DD0;@D210004FADCFF31592;@ADC
004DD8;@D211504FADCFF31592;@ADC
004DE0;@D213004FADCFF31592;@ADC
004DE8;@D214504FADCFF315A2;@ADC
004DF0;@D220004FADCFF315A2;@ADC
004DF8;@D221504FADCFF315A2;@ADC
004E00;@D223004FADCFF315B2;@ADC
004E08;@D224504FADCFF315B2;@ADC
004E10;@D230004FADCFF315B2;@ADC
004E18;@D231504FADCFF315B2;@ADC
004E20;@D233004FADCFF315B2;@ADC
004E28;@D234504FADCFF315B2;@ADC
004E30;@DD2022053000000004;@
004E38;@D000004FADCFF315C2;@ADC
004E40;@D001504FADCFF315C2;@ADC
004E48;@D003004FADCFF315C2;@ADC
004E50;@D004504FADCFF315C2;@ADC
004E58;@D010004FADCFF315C2;@ADC
004E60;@D011504FADCFF315C2;@ADC
004E68;@D013004FADCFF315C2;@ADC
004E70;@D014504FADCFF315D2;@ADC
004E78;@D020004FADCFF315D2;@ADC
004E80;@D021504FADCFF315C2;@ADC
004E88;@D023004FADCFF315D2;@ADC
004E90;@D024504FADCFF315D2;@ADC
004E98;@D030004FADCFF315D2;@ADC
004EA0;@D031504FADCFF315D2;@ADC
004EA8;@D033004FADCFF315D2;@ADC
004EB0;@D034504FADCFF315D2;@ADC
004EB8;@D040004FADCFF315D2;@ADC
004EC0;@D041504FADCFF315D2;@ADC
004EC8;@D043004FADCFF315C2;@ADC
004ED0;@D044504FADCFF315D2;@ADC
004ED8;@D050004FADCFF315C2;@ADC
004EE0;@D051504FADCFF315C2;@ADC
004EE8;@D053004FADCFF315C2;@ADC
004EF0;@D054504FADCFF315C2;@ADC
004EF8;@D060004FADCFF315C2;@ADC
004F00;@D061504FADCFF315B2;@ADC
004F08;@D063004FADCFF315C2;@ADC
004F10;@D064504FADCFF315B2;@ADC
004F18;@D070004FADCFF315B2;@ADC
004F20;@D071504FADCFF315B2;@ADC
004F28;@D073004FADCFF315B2;@ADC
004F30;@D074504FADCFF315B2;@ADC
004F38;@D080004FADCFF315B2;@ADC
004F40;@D081504FADCFF315A2;@ADC
004F48;@D083004FADCFF315A2;@ADC
004F50;@D084504FADCFF315A2;@ADC
004F58;@D090004FADCFF315A2;@ADC
004F60;@D091504FADCFF31592;@ADC
004F68;@D093004FADCFF31592;@ADC
004F70;@D094504FADCFF31592;@ADC
004F78;@D100004FADCFF31592;@ADC
004F80;@D101504FADCFF31592;@ADC
004F88;@D103004FADCFF31582;@ADC
004F90;@D104504FADCFF31582;@ADC
004F98;@D110004FADCFF31582;@ADC
004FA0;@D111504FADCFF31582;@ADC
004FA8;@D113004FADCFF31582;@ADC
004FB0;@D114504FADCFF31582;@ADC
004FB8;@D120004FADCFF31582;@ADC
004FC0;@D121504FADCFF31582;@ADC
004FC8;@D123004FADCFF31582;@ADC
004FD0;@D124504FADCFF31592;@ADC
004FD8;@D130004FADCFF31592;@ADC
004FE0;@D131504FADCFF31592;@ADC
004FE8;@D133004FADCFF31592;@ADC
004FF0;@D134504FADCFF31592;@ADC
004FF8;@D140004FADCFF31592;@ADC
005000;@D141504FADCFF31592;@ADC
005008;@D143004FADCFF315A2;@ADC
005010;@D144504FADCFF315A2;@ADC
005018;@D150004FADCFF315A2;@ADC
005020;@D151504FADCFF315A2;@ADC
005028;@D153004FADCFF315A2;@ADC
005030;@D154504FADCFF315A2;@ADC
005038;@D160004FADCFF315B2;@ADC
005040;@D161504FADCFF315B2;@ADC
005048;@D163004FADCFF315B2;@ADC
005050;@D164504FADCFF315B2;@ADC
005058;@D170004FADCFF315C2;@ADC
005060;@D171504FADCFF315D2;@ADC
005068;@D173004FADCFF315D2;@ADC
005070;@D174504FADCFF315E2;@ADC
005078;@D180004FADCFF315E2;@ADC
005080;@D181504FADCFF315E2;@ADC
005088;@D183004FADCFF315F2;@ADC
005090;@D184504FADCFF315F2;@ADC
005098;@D190004FADCFF31602;@ADC
0050A0;@D191504FADCFF31602;@ADC
0050A8;@D193004FADCFF31602;@ADC
0050B0;@D194504FADCFF31602;@ADC
0050B8;@D200004FADCFF31612;@ADC
0050C0;@D201504FADCFF31612;@ADC
0050C8;@D203004FADCFF31612;@ADC
0050D0;@D204504FADCFF31622;@ADC
0050D8;@D210004FADCFF31632;@ADC
0050E0;@D211504FADCFF31632;@ADC
0050E8;@D213004FADCFF31632;@ADC
0050F0;@D214504FADCFF31642;@ADC
0050F8;@D220004FADCFF31642;@ADC
005100;@D221504FADCFF31642;@ADC
005108;@D223004FADCFF31642;@ADC
005110;@D224504FADCFF31652;@ADC
005118;@D230004FADCFF31662;@ADC
005120;@D231504FADCFF31662;@ADC
005128;@D233004FADCFF31652;@ADC
005130;@D234504FADCFF31652;@ADC
005138;@DD2022053100000004;@
005140;@D000004FADCFF31652;@ADC
005148;@D001504FADCFF31652;@ADC
005150;@D003004FADCFF31652;@ADC
005158;@D004504FADCFF31652;@ADC
005160;@D010004FADCFF31652;@ADC
005168;@D011504FADCFF31652;@ADC
005170;@D013004FADCFF31662;@ADC
005178;@D014504FADCFF31652;@ADC
005180;@D020004FADCFF31652;@ADC
005188;@D021504FADCFF31662;@ADC
005190;@D023004FADCFF31662;@ADC
005198;@D024504FADCFF31662;@ADC
0051A0;@D030004FADCFF31662;@ADC
0051A8;@D031504FADCFF31662;@ADC
0051B0;@D033004FADCFF31662;@ADC
0051B8;@D034504FADCFF31662;@ADC
0051C0;@D040004FADCFF31662;@ADC
0051C8;@D041504FADCFF31662;@ADC
0051D0;@D043004FADCFF31652;@ADC
0051D8;@D044504FADCFF31662;@ADC
0051E0;@D050004FADCFF31662;@ADC
0051E8;@D051504FADCFF31652;@ADC
0051F0;@D053004FADCFF31652;@ADC
0051F8;@D054504FADCFF31652;@ADC
005200;@D060004FADCFF31652;@ADC
005208;@D061504FADCFF31652;@ADC
005210;@D063004FADCFF31652;@ADC
005218;@D064504FADCFF31652;@ADC
005220;@D070004FADCFF31652;@ADC
005228;@D071504FADCFF31642;@ADC
005230;@D073004FADCFF31652;@ADC
005238;@D074504FADCFF31642;@ADC
005240;@D080004FADCFF31642;@ADC
005248;@D081504FADCFF31642;@ADC
005250;@D083004FADCFF31642;@ADC
005258;@D084504FADCFF31642;@ADC
005260;@D090004FADCFF31642;@ADC
005268;@D091504FADCFF31642;@ADC
005270;@D093004FADCFF31632;@ADC
005278;@D094504FADCFF31632;@ADC
005280;@D100004FADCFF31632;@ADC
005288;@D101504FADCFF31632;@ADC
005290;@D103004FADCFF31632;@ADC
005298;@D104504FADCFF31632;@ADC
0052A0;@D110004FADCFF31632;@ADC
0052A8;@D111504FADCFF31632;@ADC
0052B0;@D113004FADCFF31632;@ADC
0052B8;@D114504FADCFF31632;@ADC
0052C0;@D120004FADCFF31632;@ADC
0052C8;@D121504FADCFF31642;@ADC
0052D0;@D123004FADCFF31642;@ADC
0052D8;@D124504FADCFF31642;@ADC
0052E0;@D130004FADCFF31642;@ADC
0052E8;@D131504FADCFF31652;@ADC
0052F0;@D133004FADCFF31652;@ADC
0052F8;@D134504FADCFF31652;@ADC
005300;@D140004FADCFF31662;@ADC
005308;@D141504FADCFF31662;@ADC
005310;@D143004FADCFF31662;@ADC
005318;@D144504FADCFF31662;@ADC
005320;@D150004FADCFF31662;@ADC
005328;@D151504FADCFF31672;@ADC
005330;@D153004FADCFF31672;@ADC
005338;@D154504FADCFF31672;@ADC
005340;@D160004FADCFF31672;@ADC
005348;@D161504FADCFF31672;@ADC
005350;@D163004FADCFF31672;@ADC
005358;@D164504FADCFF31672;@ADC
005360;@D170004FADCFF31672;@ADC
005368;@D171504FADCFF31672;@ADC
005370;@D173004FADCFF31682;@ADC
005378;@D174504FADCFF31682;@ADC
005380;@D180004FADCFF31682;@ADC
005388;@D181504FADCFF31682;@ADC
005390;@D183004FADCFF31682;@ADC
005398;@D184504FADCFF31682;@ADC
0053A0;@D190004FADCFF31682;@ADC
0053A8;@D191504FADCFF31692;@ADC
0053B0;@D193004FADCFF31682;@ADC
0053B8;@D194504FADCFF31682;@ADC
0053C0;@D200004FADCFF31692;@ADC
0053C8;@D201504FADCFF31692;@ADC
0053D0;@D203004FADCFF31692;@ADC
0053D8;@D204504FADCFF31692;@ADC
0053E0;@D210004FADCFF31692;@ADC
0053E8;@D211504FADCFF31692;@ADC
0053F0;@D213004FADCFF31692;@ADC
0053F8;@D214504FADCFF31692;@ADC
005400;@D220004FADCFF31692;@ADC
005408;@D221504FADCFF31692;@ADC
005410;@D223004FADCFF31692;@ADC
005418;@D224504FADCFF31682;@ADC
005420;@D230004FADCFF31682;@ADC
005428;@D231504FADCFF31682;@ADC
005430;@D233004FADCFF31682;@ADC
005438;@D234504FADCFF31682;@ADC
005440;@DD2022060100000004;@
005448;@D000004FADCFF31682;@ADC
005450;@D001504FADCFF31682;@ADC
005458;@D003004FADCFF31682;@ADC
005460;@D004504FADCFF31682;@ADC
005468;@D010004FADCFF31672;@ADC
005470;@D011504FADCFF31682;@ADC
005478;@D013004FADCFF31682;@ADC
005480;@D014504FADCFF31682;@ADC
005488;@D020004FADCFF31682;@ADC
005490;@D021504FADCFF31682;@ADC
005498;@D023004FADCFF31692;@ADC
0054A0;@D024504FADCFF31692;@ADC
0054A8;@D030004FADCFF31692;@ADC
0054B0;@D031504FADCFF31682;@ADC
0054B8;@D033004FADCFF31692;@ADC
0054C0;@D034504FADCFF31692;@ADC
0054C8;@D040004FADCFF31692;@ADC
0054D0;@D041504FADCFF31692;@ADC
0054D8;@D043004FADCFF31682;@ADC
0054E0;@D044504FADCFF31692;@ADC
0054E8;@D050004FADCFF31682;@ADC
0054F0;@D051504FADCFF31682;@ADC
0054F8;@D053004FADCFF31682;@ADC
005500;@D054504FADCFF31682;@ADC
005508;@D060004FADCFF31692;@ADC
005510;@D061504FADCFF31682;@ADC
005518;@D063004FADCFF31692;@ADC
005520;@D064504FADCFF31692;@ADC
005528;@D070004FADCFF31682;@ADC
005530;@D071504FADCFF31692;@ADC
005538;@D073004FADCFF31682;@ADC
005540;@D074504FADCFF31682;@ADC
005548;@D080004FADCFF31682;@ADC
005550;@D081504FADCFF31682;@ADC
005558;@D083004FADCFF31682;@ADC
005560;@D084504FADCFF31682;@ADC
005568;@D090004FADCFF31682;@ADC
005570;@D091504FADCFF31682;@ADC
005578;@D093004FADCFF31682;@ADC
005580;@D094504FADCFF31682;@ADC
005588;@D100004FADCFF31682;@ADC
005590;@D101504FADCFF31672;@ADC
005598;@D103004FADCFF31682;@ADC
0055A0;@D104504FADCFF31672;@ADC
0055A8;@D110004FADCFF31672;@ADC
0055B0;@D111504FADCFF31672;@ADC
0055B8;@D113004FADCFF31672;@ADC
0055C0;@D114504FADCFF31682;@ADC
0055C8;@D120004FADCFF31682;@ADC
0055D0;@D121504FADCFF31682;@ADC
0055D8;@D123004FADCFF31682;@ADC
0055E0;@D124504FADCFF31682;@ADC
0055E8;@D130004FADCFF31682;@ADC
0055F0;@D131504FADCFF31692;@ADC
0055F8;@D133004FADCFF31682;@ADC
005600;@D134504FADCFF31682;@ADC
005608;@D140004FADCFF31682;@ADC
005610;@D141504FADCFF31692;@ADC
005618;@D143004FADCFF31692;@ADC
005620;@D144504FADCFF31692;@ADC
005628;@D150004FADCFF31692;@ADC
005630;@D151504FADCFF31692;@ADC
005638;@D153004FADCFF31692;@ADC
005640;@D154504FADCFF31692;@ADC
005648;@D160004FADCFF31692;@ADC
005650;@D161504FADCFF31692;@ADC
005658;@D163004FADCFF31692;@ADC
005660;@D164504FADCFF31692;@ADC
005668;@D170004FADCFF316A2;@ADC
005670;@D171504FADCFF316A2;@ADC
005678;@D173004FADCFF316A2;@ADC
005680;@D174504FADCFF316A2;@ADC
005688;@D180004FADCFF316A2;@ADC
005690;@D181504FADCFF316A2;@ADC
005698;@D183004FADCFF316A2;@ADC
0056A0;@D184504FADCFF316B2;@ADC
0056A8;@D190004FADCFF316A2;@ADC
0056B0;@D191504FADCFF316A2;@ADC
0056B8;@D193004FADCFF316A2;@ADC
0056C0;@D194504FADCFF316A2;@ADC
0056C8;@D200004FADCFF316A2;@ADC
0056D0;@D201504FADCFF316A2;@ADC
0056D8;@D203004FADCFF316A2;@ADC
0056E0;@D204504FADCFF31692;@ADC
0056E8;@D210004FADCFF31692;@ADC
0056F0;@D211504FADCFF31692;@ADC
0056F8;@D213004FADCFF31682;@ADC
005700;@D214504FADCFF31692;@ADC
005708;@D220004FADCFF31692;@ADC
005710;@D221504FADCFF31682;@ADC
005718;@D223004FADCFF31692;@ADC
005720;@D224504FADCFF31682;@ADC
005728;@D230004FADCFF31682;@ADC
005730;@D231504FADCFF31682;@ADC
005738;@D233004FADCFF31682;@ADC
005740;@D234504FADCFF31682;@ADC
005748;@DD2022060200000004;@
005750;@D000004FADCFF31682;@ADC
005758;@D001504FADCFF31682;@ADC
005760;@D003004FADCFF31682;@ADC
005768;@D004504FADCFF31682;@ADC
005770;@D010004FADCFF31682;@ADC
005778;@D011504FADCFF31682;@ADC
005780;@D013004FADCFF31682;@ADC
005788;@D014504FADCFF31682;@ADC
005790;@D020004FADCFF31682;@ADC
005798;@D021504FADCFF31682;@ADC
0057A0;@D023004FADCFF31682;@ADC
0057A8;@D024504FADCFF31682;@ADC
0057B0;@D030004FADCFF31682;@ADC
0057B8;@D031504FADCFF31692;@ADC
0057C0;@D033004FADCFF31692;@ADC
0057C8;@D034504FADCFF31682;@ADC
0057D0;@D040004FADCFF31692;@ADC
0057D8;@D041504FADCFF31692;@ADC
0057E0;@D043004FADCFF31692;@ADC
0057E8;@D044504FADCFF31692;@ADC
0057F0;@D050004FADCFF31682;@ADC
0057F8;@D051504FADCFF31692;@ADC
005800;@D053004FADCFF31692;@ADC
005808;@D054504FADCFF31692;@ADC
005810;@D060004FADCFF31692;@ADC
005818;@D061504FADCFF31692;@ADC
005820;@D063004FADCFF31692;@ADC
005828;@D064504FADCFF31692;@ADC
005830;@D070004FADCFF31692;@ADC
005838;@D071504FADCFF31692;@ADC
005840;@D073004FADCFF31692;@ADC
005848;@D074504FADCFF31692;@ADC
005850;@D080004FADCFF31692;@ADC
005858;@D081504FADCFF31692;@ADC
005860;@D083004FADCFF31692;@ADC
005868;@D084504FADCFF31692;@ADC
005870;@D090004FADCFF31692;@ADC
005878;@D091504FADCFF31692;@ADC
005880;@D093004FADCFF31692;@ADC
005888;@D094504FADCFF31692;@ADC
005890;@D100004FADCFF31692;@ADC
005898;@D101504FADCFF31692;@ADC
0058A0;@D103004FADCFF31692;@ADC
0058A8;@D104504FADCFF31692;@ADC
0058B0;@D110004FADCFF31692;@ADC
0058B8;@D111504FADCFF31692;@ADC
0058C0;@D113004FADCFF31692;@ADC
0058C8;@D114504FADCFF31692;@ADC
0058D0;@D120004FADCFF31692;@ADC
0058D8;@D121504FADCFF316A2;@ADC
0058E0;@D123004FADCFF316A2;@ADC
0058E8;@D124504FADCFF316A2;@ADC
0058F0;@D130004FADCFF316A2;@ADC
0058F8;@D131504FADCFF316A2;@ADC
005900;@D133004FADCFF316A2;@ADC
005908;@D134504FADCFF316A2;@ADC
005910;@D140004FADCFF316A2;@ADC
005918;@D141504FADCFF316B2;@ADC
005920;@D143004FADCFF316C2;@ADC
005928;@D144504FADCFF316D2;@ADC
005930;@D150004FADCFF316E2;@ADC
005938;@D151504FADCFF316E2;@ADC
005940;@D153004FADCFF316F2;@ADC
005948;@D154504FADCFF316F2;@ADC
005950;@D160004FADCFF316F2;@ADC
005958;@D161504FADCFF31702;@ADC
005960;@D163004FADCFF31702;@ADC
005968;@D164504FADCFF31702;@ADC
005970;@D170004FADCFF31702;@ADC
005978;@D171504FADCFF31712;@ADC
005980;@D173004FADCFF31712;@ADC
005988;@D174504FADCFF31712;@ADC
005990;@D180004FADCFF31722;@ADC
005998;@D181504FADCFF31722;@ADC
0059A0;@D183004FADCFF31722;@ADC
0059A8;@D184504FADCFF31732;@ADC
0059B0;@D190004FADCFF31722;@ADC
0059B8;@D191504FADCFF31722;@ADC
0059C0;@D193004FADCFF31722;@ADC
0059C8;@D194504FADCFF31712;@ADC
0059D0;@D200004FADCFF31712;@ADC
0059D8;@D201504FADCFF31702;@ADC
0059E0;@D203004FADCFF31702;@ADC
0059E8;@D204504FADCFF316F2;@ADC
0059F0;@D210004FADCFF316F2;@ADC
0059F8;@D211504FADCFF316E2;@ADC
005A00;@D213004FADCFF316D2;@ADC
005A08;@D214504FADCFF316E2;@ADC
005A10;@D220004FADCFF316D2;@ADC
005A18;@D221504FADCFF316D2;@ADC
005A20;@D223004FADCFF316D2;@ADC
005A28;@D224504FADCFF316D2;@ADC
005A30;@D230004FADCFF316D2;@ADC
005A38;@D231504FADCFF316D2;@ADC
005A40;@D233004FADCFF316D2;@ADC
005A48;@D234504FADCFF316D2;@ADC
@E=$005A50;D;2022/06/03,00:00:00+04;@005A50
@D000004FADCFF316D2@D001504FADCFF316D2@D003004FADCFF316E2@D004504FADCFF316D2@D010004FADCFF316D2@D011504FADCFF316D2@D013004FADCFF316D2@D014504FADCFF316E2@D020004FADCFF316D2@D021504FADCFF316D2@D023004FADCFF316D2@D024504FADCFF316D2@D030004FADCFF316D2@D031504FADCFF316D2@D033004FADCFF316D2@D034504FADCFF316D2@D040004FADCFF316D2@D041504FADCFF316D2@D043004FADCFF316D2@D044504FADCFF316D2@D050004FADCFF316C2@D051504FADCFF316C2@D053004FADCFF316C2@D054504FADCFF316C2@D060004FADCFF316C2@D061504FADCFF316C2@D063004FADCFF316C2@D064504FADCFF316C2@D070004FADCFF316B2@D071504FADCFF316B2@D073004FADCFF316B2@D074504FADCFF316B2@D080004FADCFF316B2@D081504FADCFF316B2@D083004FADCFF316B2@D084504FADCFF316B2@D090004FADCFF316B2@D091504FADCFF316B2@D093004FADCFF316B2@D094504FADCFF316A2@D100004FADCFF316A2@D101504FADCFF316A2@D103004FADCFF316A2@D104504FADCFF316A2@D110004FADCFF316A2@D111504FADCFF316A2@D113004FADCFF31692@D114504FADCFF31692@D120004FADCFF316A2@D121504FADCFF316A2@D123004FADCFF31692@D124504FADCFF316A2@D130004FADCFF31692@D131504FADCFF31692@D133004FADCFF316A2@D134504FADCFF31692@D140004FADCFF316A2@D141504FADCFF316A2@D143004FADCFF316A2@D144504FADCFF316A2@D150004FADCFF31692@D151504FADCFF316A2@D153004FADCFF316A2@D154504FADCFF316A2@D160004FADCFF316A2@D161504FADCFF316A2@D163004FADCFF316A2@D164504FADCFF316A2@D170004FADCFF316A2@D171504FADCFF316A2@D173004FADCFF316A2@D174504FADCFF316A2@D180004FADCFF316A2@D181504FADCFF316A2@D183004FADCFF316B2@D184504FADCFF316B2@D190004FADCFF316A2@D191504FADCFF316A2@D193004FADCFF316A2@D194504FADCFF316A2@D200004FADCFF31692@D201504FADCFF31692@D203004FADCFF31692@D204504FADCFF31682@D210004FADCFF31682@D211504FADCFF31682@D213004FADCFF31682@D214504FADCFF31672@D220004FADCFF31672@D221504FADCFF31662@D223004FADCFF31662@D224504FADCFF31662@D230004FADCFF31662@D231504FADCFF31662@D233004FADCFF31652@D234504FADCFF31652@DD2022060400000004@D000004FADCFF31652@D001504FADCFF31652@D003004FADCFF31662@D004504FADCFF31662@D010004FADCFF31662@D011504FADCFF31662@D013004FADCFF31662@D014504FADCFF31662@D020004FADCFF31672@D021504FADCFF31672@D023004FADCFF31672@D024504FADCFF31672@D030004FADCFF31672@D031504FADCFF31672@D033004FADCFF31672@D034504FADCFF31672@D040004FADCFF31672@D041504FADCFF31672@D043004FADCFF31662@D044504FADCFF31662@D050004FADCFF31662@D051504FADCFF31652@D053004FADCFF31652@D054504FADCFF31652@D060004FADCFF31642@D061504FADCFF31642@D063004FADCFF31642@D064504FADCFF31632@D070004FADCFF31632@D071504FADCFF31622@D073004FADCFF31622@D074504FADCFF31622@D080004FADCFF31612@D081504FADCFF31612@D083004FADCFF31612@D084504FADCFF31602@D090004FADCFF31602@D091504FADCFF315F2@D093004FADCFF315F2@D094504FADCFF315E2@D100004FADCFF315E2@D101504FADCFF315D2@D103004FADCFF315D2@D104504FADCFF315D2@D110004FADCFF315C2@D111504FADCFF315C2@D113004FADCFF315B2@D114504FADCFF315B2@D120004FADCFF315B2@D121504FADCFF315B2@D123004FADCFF315B2@D124504FADCFF315B2@D130004FADCFF315B2@D131504FADCFF315B2@D133004FADCFF315C2@D134504FADCFF315C2@D140004FADCFF315C2@D141504FADCFF315C2@D143004FADCFF315D2@D144504FADCFF315D2@D150004FADCFF315D2@D151504FADCFF315D2@D153004FADCFF315D2@D154504FADCFF315D2@D160004FADCFF315E2@D161504FADCFF315E2@D163004FADCFF315E2@D164504FADCFF315F2@D170004FADCFF315F2@D171504FADCFF315F2@D173004FADCFF315F2@D174504FADCFF31602@D180004FADCFF31602@D181504FADCFF31602@D183004FADCFF31612@D184504FADCFF31612@D190004FADCFF31612@D191504FADCFF31612@D193004FADCFF31622@D194504FADCFF31622@D200004FADCFF31622@D201504FADCFF31632@D203004FADCFF31632@D204504FADCFF31632@D210004FADCFF31642@D211504FADCFF31642@D213004FADCFF31652@D214504FADCFF31652@D220004FADCFF31652@D221504FADCFF31652@D223004FADCFF31652@D224504FADCFF31652@D230004FADCFF31652@D231504FADCFF31652@D233004FADCFF31642@D234504FADCFF31642@DD2022060500000004@D000004FADCFF31642@D001504FADCFF31642@D003004FADCFF31642@D004504FADCFF31642@D010004FADCFF31652@D011504FADCFF31652@D013004FADCFF31652@D014504FADCFF31652@D020004FADCFF31652@D021504FADCFF31652@D023004FADCFF31662@D024504FADCFF31662@D030004FADCFF31662@D031504FADCFF31662@D033004FADCFF31662@D034504FADCFF31662@D040004FADCFF31662@D041504FADCFF31662@D043004FADCFF31652@D044504FADCFF31652@D050004FADCFF31652@D051504FADCFF31642@D053004FADCFF31642@D054504FADCFF31642@D060004FADCFF31642@D061504FADCFF31632@D063004FADCFF31632@D064504FADCFF31632@D070004FADCFF31622@D071504FADCFF31622@D073004FADCFF31612@D074504FADCFF31612@D080004FADCFF31602@D081504FADCFF31602@D083004FADCFF315F2@D084504FADCFF315F2@D090004FADCFF315E2@D091504FADCFF315E2@D093004FADCFF315D2@D094504FADCFF315D2@D100004FADCFF315C2@D101504FADCFF315C2@D103004FADCFF315B2@D104504FADCFF315B2@D110004FADCFF315A2@D111504FADCFF315A2@D113004FADCFF315A2@D114504FADCFF31592@D120004FADCFF31592@D121504FADCFF31592@D123004FADCFF31592@D124504FADCFF31592@D130004FADCFF31592@D131504FADCFF31592@D133004FADCFF31592@D134504FADCFF31592@D140004FADCFF315A2@D141504FADCFF315A2@D143004FADCFF315A2@D144504FADCFF315A2@D150004FADCFF315A2@D151504FADCFF315A2@D153004FADCFF315A2@D154504FADCFF315B2@D160004FADCFF315B2@D161504FADCFF315B2@D163004FADCFF315B2@D164504FADCFF315B2@D170004FADCFF315B2@D171504FADCFF315C2@D173004FADCFF315C2@D174504FADCFF315C2@D180004FADCFF315C2@D181504FADCFF315C2@D183004FADCFF315C2@D184504FADCFF315D2@D190004FADCFF315D2@D191504FADCFF315D2@D193004FADCFF315E2@D194504FADCFF315E2@D200004FADCFF315E2@D201504FADCFF315E2@D203004FADCFF315E2@D204504FADCFF315F2@D210004FADCFF315F2@D211504FADCFF31602@D213004FADCFF31602@D214504FADCFF31602@D220004FADCFF31602@D221504FADCFF31602@D223004FADCFF31612@D224504FADCFF31612@D230004FADCFF31612@D231504FADCFF31622@D233004FADCFF31622@D234504FADCFF31622@DD2022060600000004@D000004FADCFF31622@D001504FADCFF31622@D003004FADCFF31632@D004504FADCFF31622@D010004FADCFF31632@D011504FADCFF31632@D013004FADCFF31632@D014504FADCFF31632@D020004FADCFF31632@D021504FADCFF31632@D023004FADCFF31632@D024504FADCFF31632@D030004FADCFF31632@D031504FADCFF31632@D033004FADCFF31632@D034504FADCFF31632@D040004FADCFF31632@D041504FADCFF31632@D043004FADCFF31632@D044504FADCFF31632@D050004FADCFF31632@D051504FADCFF31632@D053004FADCFF31632@D054504FADCFF31632@D060004FADCFF31632@D061504FADCFF31632@D063004FADCFF31622@D064504FADCFF31622@D070004FADCFF31622@D071504FADCFF31622@D073004FADCFF31612@D074504FADCFF31612@D080004FADCFF31612@D081504FADCFF31612@D083004FADCFF31612@D084504FADCFF31602@D090004FADCFF31602@D091504FADCFF31602@D093004FADCFF315F2@D094504FADCFF315F2@D100004FADCFF315F2@D101504FADCFF315E2@D103004FADCFF315E2@D104504FADCFF315E2@D110004FADCFF315E2@D111504FADCFF315D2@D113004FADCFF315D2@D114504FADCFF315D2@D120004FADCFF315D2@D121504FADCFF315E2@D123004FADCFF315E2@D124504FADCFF315E2@D130004FADCFF315E2@D131504FADCFF315E2@D133004FADCFF315E2@D134504FADCFF315E2@D140004FADCFF315E2@D141504FADCFF315E2@D143004FADCFF315E2@D144504FADCFF315E2@D150004FADCFF315F2@D151504FADCFF315F2@D153004FADCFF315F2@D154504FADCFF315F2@D160004FADCFF315F2@D161504FADCFF31602@D163004FADCFF31602@D164504FADCFF31602@D170004FADCFF31602@D171504FADCFF31602@D173004FADCFF31602@D174504FADCFF31612@D180004FADCFF31602@D181504FADCFF315F2@D183004FADCFF315D2@D184504FADCFF315C2@D190004FADCFF315D2@D191504FADCFF315D2@D193004FADCFF315D2@D194504FADCFF315D2@D200004FADCFF315E2@D201504FADCFF315E2@D203004FADCFF315E2@D204504FADCFF315F2@D210004FADCFF315F2@D211504FADCFF31602@D213004FADCFF31602@D214504FADCFF31612@D220004FADCFF31612@D221504FADCFF31612@D223004FADCFF31612@D224504FADCFF31622@D230004FADCFF31622@D231504FADCFF31622@D233004FADCFF31622@D234504FADCFF31632@DD2022060700000004@D000004FADCFF31632@D001504FADCFF31632@D003004FADCFF31632@D004504FADCFF31632@D010004FADCFF31642@D011504FADCFF31642@D013004FADCFF31642@D014504FADCFF31642@D020004FADCFF31642@D021504FADCFF31642@D023004FADCFF31642@D024504FADCFF31642@D030004FADCFF31642@D031504FADCFF31642@D033004FADCFF31642@D034504FADCFF31642@D040004FADCFF31642@D041504FADCFF31642@D043004FADCFF31642@D044504FADCFF31642@D050004FADCFF31642@D051504FADCFF31642@D053004FADCFF31642@D054504FADCFF31642@D060004FADCFF31642@D061504FADCFF31642@D063004FADCFF31632@D064504FADCFF31632@D070004FADCFF31632@D071504FADCFF31632@D073004FADCFF31632@D074504FADCFF31632@D080004FADCFF31622@D081504FADCFF31622@D083004FADCFF31622@D084504FADCFF31612@D090004FADCFF31612@D091504FADCFF31612@D093004FADCFF31602@D094504FADCFF31602@D100004FADCFF31602@D101504FADCFF315F2@D103004FADCFF315F2@D104504FADCFF315F2@D110004FADCFF315E2@D111504FADCFF315E2@D113004FADCFF315E2@D114504FADCFF315E2@D120004FADCFF315E2@D121504FADCFF315E2@D123004FADCFF315E2@D124504FADCFF315E2@D130004FADCFF315E2@D131504FADCFF315E2@D133004FADCFF315E2@D134504FADCFF315E2@D140004FADCFF315E2@D141504FADCFF315E2@D143004FADCFF315F2@D144504FADCFF315F2@D150004FADCFF315F2@D151504FADCFF315F2@D153004FADCFF315F2@D154504FADCFF31602@D160004FADCFF31602@D161504FADCFF31602@D163004FADCFF31602@D164504FADCFF31602@D170004FADCFF31602@D171504FADCFF31602@D173004FADCFF31612@D174504FADCFF31612@D180004FADCFF31612@D181504FADCFF31612@D183004FADCFF31622@D184504FADCFF31612@D190004FADCFF31622@D191504FADCFF31622@D193004FADCFF31622@D194504FADCFF31622@D200004FADCFF31622@D201504FADCFF31622@D203004FADCFF315F2@D204504FADCFF315C2@D210004FADCFF315A2@D211504FADCFF31582@D213004FADCFF31562@D214504FADCFF31552@D220004FADCFF31542@D221504FADCFF31522@D223004FADCFF31532@D224504FADCFF31522@D230004FADCFF31522@D231504FADCFF31522@D233004FADCFF31532@D234504FADCFF31522@DD2022060800000004@D000004FADCFF31532@D001504FADCFF31532@D003004FADCFF31532@D004504FADCFF31532@D010004FADCFF31532@D011504FADCFF31532@D013004FADCFF31542@D014504FADCFF31542@D020004FADCFF31542@D021504FADCFF31542@D023004FADCFF31542@D024504FADCFF31542@D030004FADCFF31552@D031504FADCFF31552@D033004FADCFF31562@D034504FADCFF31562@D040004FADCFF31562@D041504FADCFF31572@D043004FADCFF31572@D044504FADCFF31572@D050004FADCFF31572@D051504FADCFF31572@D053004FADCFF31572@D054504FADCFF31572@D060004FADCFF31572@D061504FADCFF31572@D063004FADCFF31572@D064504FADCFF31572@D070004FADCFF31572@D071504FADCFF31582@D073004FADCFF31582@D074504FADCFF31582@D080004FADCFF31582@D081504FADCFF31582@D083004FADCFF31582@D084504FADCFF31582@D090004FADCFF31582@D091504FADCFF31592@D093004FADCFF31582@D094504FADCFF31582@D100004FADCFF31582@D101504FADCFF31592@D103004FADCFF31582@D104504FADCFF31582@D110004FADCFF31582@D111504FADCFF31592@D113004FADCFF31592@D114504FADCFF31592@D120004FADCFF31592@D121504FADCFF31592@D123004FADCFF31592@D124504FADCFF31582@D130004FADCFF31582@D131504FADCFF31582@D133004FADCFF31582@D134504FADCFF31592@D140004FADCFF31592@D141504FADCFF31592@D143004FADCFF31592@D144504FADCFF31592@D150004FADCFF31592@D151504FADCFF31592@D153004FADCFF31592@D154504FADCFF31592@D160004FADCFF31592@D161504FADCFF31592@D163004FADCFF31582@D164504FADCFF31582@D170004FADCFF31592@D171504FADCFF31582@D173004FADCFF31582@D174504FADCFF31582@D180004FADCFF31582@D181504FADCFF31572@D183004FADCFF31582@D184504FADCFF31572@D190004FADCFF31572@D191504FADCFF31572@D193004FADCFF31572@D194504FADCFF31572@D200004FADCFF31582@D201504FADCFF31572@D203004FADCFF31572@D204504FADCFF31572@D210004FADCFF31572@D211504FADCFF31572@D213004FADCFF31572@D214504FADCFF31572@D220004FADCFF31572@D221504FADCFF31572@D223004FADCFF31572@D224504FADCFF31572@D230004FADCFF31572@D231504FADCFF31572@D233004FADCFF31572@D234504FADCFF31582@E=$006C80;D;2022/06/09,00:00:00+04;@005A50
005A50;@D000004FADCFF316D2;@ADC
005A58;@D001504FADCFF316D2;@ADC
005A60;@D003004FADCFF316E2;@ADC
005A68;@D004504FADCFF316D2;@ADC
005A70;@D010004FADCFF316D2;@ADC
005A78;@D011504FADCFF316D2;@ADC
005A80;@D013004FADCFF316D2;@ADC
005A88;@D014504FADCFF316E2;@ADC
005A90;@D020004FADCFF316D2;@ADC
005A98;@D021504FADCFF316D2;@ADC
005AA0;@D023004FADCFF316D2;@ADC
005AA8;@D024504FADCFF316D2;@ADC
005AB0;@D030004FADCFF316D2;@ADC
005AB8;@D031504FADCFF316D2;@ADC
005AC0;@D033004FADCFF316D2;@ADC
005AC8;@D034504FADCFF316D2;@ADC
005AD0;@D040004FADCFF316D2;@ADC
005AD8;@D041504FADCFF316D2;@ADC
005AE0;@D043004FADCFF316D2;@ADC
005AE8;@D044504FADCFF316D2;@ADC
005AF0;@D050004FADCFF316C2;@ADC
005AF8;@D051504FADCFF316C2;@ADC
005B00;@D053004FADCFF316C2;@ADC
005B08;@D054504FADCFF316C2;@ADC
005B10;@D060004FADCFF316C2;@ADC
005B18;@D061504FADCFF316C2;@ADC
005B20;@D063004FADCFF316C2;@ADC
005B28;@D064504FADCFF316C2;@ADC
005B30;@D070004FADCFF316B2;@ADC
005B38;@D071504FADCFF316B2;@ADC
005B40;@D073004FADCFF316B2;@ADC
005B48;@D074504FADCFF316B2;@ADC
005B50;@D080004FADCFF316B2;@ADC
005B58;@D081504FADCFF316B2;@ADC
005B60;@D083004FADCFF316B2;@ADC
005B68;@D084504FADCFF316B2;@ADC
005B70;@D090004FADCFF316B2;@ADC
005B78;@D091504FADCFF316B2;@ADC
005B80;@D093004FADCFF316B2;@ADC
005B88;@D094504FADCFF316A2;@ADC
005B90;@D100004FADCFF316A2;@ADC
005B98;@D101504FADCFF316A2;@ADC
005BA0;@D103004FADCFF316A2;@ADC
005BA8;@D104504FADCFF316A2;@ADC
005BB0;@D110004FADCFF316A2;@ADC
005BB8;@D111504FADCFF316A2;@ADC
005BC0;@D113004FADCFF31692;@ADC
005BC8;@D114504FADCFF31692;@ADC
005BD0;@D120004FADCFF316A2;@ADC
005BD8;@D121504FADCFF316A2;@ADC
005BE0;@D123004FADCFF31692;@ADC
005BE8;@D124504FADCFF316A2;@ADC
005BF0;@D130004FADCFF31692;@ADC
005BF8;@D131504FADCFF31692;@ADC
005C00;@D133004FADCFF316A2;@ADC
005C08;@D134504FADCFF31692;@ADC
005C10;@D140004FADCFF316A2;@ADC
005C18;@D141504FADCFF316A2;@ADC
005C20;@D143004FADCFF316A2;@ADC
005C28;@D144504FADCFF316A2;@ADC
005C30;@D150004FADCFF31692;@ADC
005C38;@D151504FADCFF316A2;@ADC
005C40;@D153004FADCFF316A2;@ADC
005C48;@D154504FADCFF316A2;@ADC
005C50;@D160004FADCFF316A2;@ADC
005C58;@D161504FADCFF316A2;@ADC
005C60;@D163004FADCFF316A2;@ADC
005C68;@D164504FADCFF316A2;@ADC
005C70;@D170004FADCFF316A2;@ADC
005C78;@D171504FADCFF316A2;@ADC
005C80;@D173004FADCFF316A2;@ADC
005C88;@D174504FADCFF316A2;@ADC
005C90;@D180004FADCFF316A2;@ADC
005C98;@D181504FADCFF316A2;@ADC
005CA0;@D183004FADCFF316B2;@ADC
005CA8;@D184504FADCFF316B2;@ADC
005CB0;@D190004FADCFF316A2;@ADC
005CB8;@D191504FADCFF316A2;@ADC
005CC0;@D193004FADCFF316A2;@ADC
005CC8;@D194504FADCFF316A2;@ADC
005CD0;@D200004FADCFF31692;@ADC
005CD8;@D201504FADCFF31692;@ADC
005CE0;@D203004FADCFF31692;@ADC
005CE8;@D204504FADCFF31682;@ADC
005CF0;@D210004FADCFF31682;@ADC
005CF8;@D211504FADCFF31682;@ADC
005D00;@D213004FADCFF31682;@ADC
005D08;@D214504FADCFF31672;@ADC
005D10;@D220004FADCFF31672;@ADC
005D18;@D221504FADCFF31662;@ADC
005D20;@D223004FADCFF31662;@ADC
005D28;@D224504FADCFF31662;@ADC
005D30;@D230004FADCFF31662;@ADC
005D38;@D231504FADCFF31662;@ADC
005D40;@D233004FADCFF31652;@ADC
005D48;@D234504FADCFF31652;@ADC
005D50;@DD2022060400000004;@
005D58;@D000004FADCFF31652;@ADC
005D60;@D001504FADCFF31652;@ADC
005D68;@D003004FADCFF31662;@ADC
005D70;@D004504FADCFF31662;@ADC
005D78;@D010004FADCFF31662;@ADC
005D80;@D011504FADCFF31662;@ADC
005D88;@D013004FADCFF31662;@ADC
005D90;@D014504FADCFF31662;@ADC
005D98;@D020004FADCFF31672;@ADC
005DA0;@D021504FADCFF31672;@ADC
005DA8;@D023004FADCFF31672;@ADC
005DB0;@D024504FADCFF31672;@ADC
005DB8;@D030004FADCFF31672;@ADC
005DC0;@D031504FADCFF31672;@ADC
005DC8;@D033004FADCFF31672;@ADC
005DD0;@D034504FADCFF31672;@ADC
005DD8;@D040004FADCFF31672;@ADC
005DE0;@D041504FADCFF31672;@ADC
005DE8;@D043004FADCFF31662;@ADC
005DF0;@D044504FADCFF31662;@ADC
005DF8;@D050004FADCFF31662;@ADC
005E00;@D051504FADCFF31652;@ADC
005E08;@D053004FADCFF31652;@ADC
005E10;@D054504FADCFF31652;@ADC
005E18;@D060004FADCFF31642;@ADC
005E20;@D061504FADCFF31642;@ADC
005E28;@D063004FADCFF31642;@ADC
005E30;@D064504FADCFF31632;@ADC
005E38;@D070004FADCFF31632;@ADC
005E40;@D071504FADCFF31622;@ADC
005E48;@D073004FADCFF31622;@ADC
005E50;@D074504FADCFF31622;@ADC
005E58;@D080004FADCFF31612;@ADC
005E60;@D081504FADCFF31612;@ADC
005E68;@D083004FADCFF31612;@ADC
005E70;@D084504FADCFF31602;@ADC
005E78;@D090004FADCFF31602;@ADC
005E80;@D091504FADCFF315F2;@ADC
005E88;@D093004FADCFF315F2;@ADC
005E90;@D094504FADCFF315E2;@ADC
005E98;@D100004FADCFF315E2;@ADC
005EA0;@D101504FADCFF315D2;@ADC
005EA8;@D103004FADCFF315D2;@ADC
005EB0;@D104504FADCFF315D2;@ADC
005EB8;@D110004FADCFF315C2;@ADC
005EC0;@D111504FADCFF315C2;@ADC
005EC8;@D113004FADCFF315B2;@ADC
005ED0;@D114504FADCFF315B2;@ADC
005ED8;@D120004FADCFF315B2;@ADC
005EE0;@D121504FADCFF315B2;@ADC
005EE8;@D123004FADCFF315B2;@ADC
005EF0;@D124504FADCFF315B2;@ADC
005EF8;@D130004FADCFF315B2;@ADC
005F00;@D131504FADCFF315B2;@ADC
005F08;@D133004FADCFF315C2;@ADC
005F10;@D134504FADCFF315C2;@ADC
005F18;@D140004FADCFF315C2;@ADC
005F20;@D141504FADCFF315C2;@ADC
005F28;@D143004FADCFF315D2;@ADC
005F30;@D144504FADCFF315D2;@ADC
005F38;@D150004FADCFF315D2;@ADC
005F40;@D151504FADCFF315D2;@ADC
005F48;@D153004FADCFF315D2;@ADC
005F50;@D154504FADCFF315D2;@ADC
005F58;@D160004FADCFF315E2;@ADC
005F60;@D161504FADCFF315E2;@ADC
005F68;@D163004FADCFF315E2;@ADC
005F70;@D164504FADCFF315F2;@ADC
005F78;@D170004FADCFF315F2;@ADC
005F80;@D171504FADCFF315F2;@ADC
005F88;@D173004FADCFF315F2;@ADC
005F90;@D174504FADCFF31602;@ADC
005F98;@D180004FADCFF31602;@ADC
005FA0;@D181504FADCFF31602;@ADC
005FA8;@D183004FADCFF31612;@ADC
005FB0;@D184504FADCFF31612;@ADC
005FB8;@D190004FADCFF31612;@ADC
005FC0;@D191504FADCFF31612;@ADC
005FC8;@D193004FADCFF31622;@ADC
005FD0;@D194504FADCFF31622;@ADC
005FD8;@D200004FADCFF31622;@ADC
005FE0;@D201504FADCFF31632;@ADC
005FE8;@D203004FADCFF31632;@ADC
005FF0;@D204504FADCFF31632;@ADC
005FF8;@D210004FADCFF31642;@ADC
006000;@D211504FADCFF31642;@ADC
006008;@D213004FADCFF31652;@ADC
006010;@D214504FADCFF31652;@ADC
006018;@D220004FADCFF31652;@ADC
006020;@D221504FADCFF31652;@ADC
006028;@D223004FADCFF31652;@ADC
006030;@D224504FADCFF31652;@ADC
006038;@D230004FADCFF31652;@ADC
006040;@D231504FADCFF31652;@ADC
006048;@D233004FADCFF31642;@ADC
006050;@D234504FADCFF31642;@ADC
006058;@DD2022060500000004;@
006060;@D000004FADCFF31642;@ADC
006068;@D001504FADCFF31642;@ADC
006070;@D003004FADCFF31642;@ADC
006078;@D004504FADCFF31642;@ADC
006080;@D010004FADCFF31652;@ADC
006088;@D011504FADCFF31652;@ADC
006090;@D013004FADCFF31652;@ADC
006098;@D014504FADCFF31652;@ADC
0060A0;@D020004FADCFF31652;@ADC
0060A8;@D021504FADCFF31652;@ADC
0060B0;@D023004FADCFF31662;@ADC
0060B8;@D024504FADCFF31662;@ADC
0060C0;@D030004FADCFF31662;@ADC
0060C8;@D031504FADCFF31662;@ADC
0060D0;@D033004FADCFF31662;@ADC
0060D8;@D034504FADCFF31662;@ADC
0060E0;@D040004FADCFF31662;@ADC
0060E8;@D041504FADCFF31662;@ADC
0060F0;@D043004FADCFF31652;@ADC
0060F8;@D044504FADCFF31652;@ADC
006100;@D050004FADCFF31652;@ADC
006108;@D051504FADCFF31642;@ADC
006110;@D053004FADCFF31642;@ADC
006118;@D054504FADCFF31642;@ADC
006120;@D060004FADCFF31642;@ADC
006128;@D061504FADCFF31632;@ADC
006130;@D063004FADCFF31632;@ADC
006138;@D064504FADCFF31632;@ADC
006140;@D070004FADCFF31622;@ADC
006148;@D071504FADCFF31622;@ADC
006150;@D073004FADCFF31612;@ADC
006158;@D074504FADCFF31612;@ADC
006160;@D080004FADCFF31602;@ADC
006168;@D081504FADCFF31602;@ADC
006170;@D083004FADCFF315F2;@ADC
006178;@D084504FADCFF315F2;@ADC
006180;@D090004FADCFF315E2;@ADC
006188;@D091504FADCFF315E2;@ADC
006190;@D093004FADCFF315D2;@ADC
006198;@D094504FADCFF315D2;@ADC
0061A0;@D100004FADCFF315C2;@ADC
0061A8;@D101504FADCFF315C2;@ADC
0061B0;@D103004FADCFF315B2;@ADC
0061B8;@D104504FADCFF315B2;@ADC
0061C0;@D110004FADCFF315A2;@ADC
0061C8;@D111504FADCFF315A2;@ADC
0061D0;@D113004FADCFF315A2;@ADC
0061D8;@D114504FADCFF31592;@ADC
0061E0;@D120004FADCFF31592;@ADC
0061E8;@D121504FADCFF31592;@ADC
0061F0;@D123004FADCFF31592;@ADC
0061F8;@D124504FADCFF31592;@ADC
006200;@D130004FADCFF31592;@ADC
006208;@D131504FADCFF31592;@ADC
006210;@D133004FADCFF31592;@ADC
006218;@D134504FADCFF31592;@ADC
006220;@D140004FADCFF315A2;@ADC
006228;@D141504FADCFF315A2;@ADC
006230;@D143004FADCFF315A2;@ADC
006238;@D144504FADCFF315A2;@ADC
006240;@D150004FADCFF315A2;@ADC
006248;@D151504FADCFF315A2;@ADC
006250;@D153004FADCFF315A2;@ADC
006258;@D154504FADCFF315B2;@ADC
006260;@D160004FADCFF315B2;@ADC
006268;@D161504FADCFF315B2;@ADC
006270;@D163004FADCFF315B2;@ADC
006278;@D164504FADCFF315B2;@ADC
006280;@D170004FADCFF315B2;@ADC
006288;@D171504FADCFF315C2;@ADC
006290;@D173004FADCFF315C2;@ADC
006298;@D174504FADCFF315C2;@ADC
0062A0;@D180004FADCFF315C2;@ADC
0062A8;@D181504FADCFF315C2;@ADC
0062B0;@D183004FADCFF315C2;@ADC
0062B8;@D184504FADCFF315D2;@ADC
0062C0;@D190004FADCFF315D2;@ADC
0062C8;@D191504FADCFF315D2;@ADC
0062D0;@D193004FADCFF315E2;@ADC
0062D8;@D194504FADCFF315E2;@ADC
0062E0;@D200004FADCFF315E2;@ADC
0062E8;@D201504FADCFF315E2;@ADC
0062F0;@D203004FADCFF315E2;@ADC
0062F8;@D204504FADCFF315F2;@ADC
006300;@D210004FADCFF315F2;@ADC
006308;@D211504FADCFF31602;@ADC
006310;@D213004FADCFF31602;@ADC
006318;@D214504FADCFF31602;@ADC
006320;@D220004FADCFF31602;@ADC
006328;@D221504FADCFF31602;@ADC
006330;@D223004FADCFF31612;@ADC
006338;@D224504FADCFF31612;@ADC
006340;@D230004FADCFF31612;@ADC
006348;@D231504FADCFF31622;@ADC
006350;@D233004FADCFF31622;@ADC
006358;@D234504FADCFF31622;@ADC
006360;@DD2022060600000004;@
006368;@D000004FADCFF31622;@ADC
006370;@D001504FADCFF31622;@ADC
006378;@D003004FADCFF31632;@ADC
006380;@D004504FADCFF31622;@ADC
006388;@D010004FADCFF31632;@ADC
006390;@D011504FADCFF31632;@ADC
006398;@D013004FADCFF31632;@ADC
0063A0;@D014504FADCFF31632;@ADC
0063A8;@D020004FADCFF31632;@ADC
0063B0;@D021504FADCFF31632;@ADC
0063B8;@D023004FADCFF31632;@ADC
0063C0;@D024504FADCFF31632;@ADC
0063C8;@D030004FADCFF31632;@ADC
0063D0;@D031504FADCFF31632;@ADC
0063D8;@D033004FADCFF31632;@ADC
0063E0;@D034504FADCFF31632;@ADC
0063E8;@D040004FADCFF31632;@ADC
0063F0;@D041504FADCFF31632;@ADC
0063F8;@D043004FADCFF31632;@ADC
006400;@D044504FADCFF31632;@ADC
006408;@D050004FADCFF31632;@ADC
006410;@D051504FADCFF31632;@ADC
006418;@D053004FADCFF31632;@ADC
006420;@D054504FADCFF31632;@ADC
006428;@D060004FADCFF31632;@ADC
006430;@D061504FADCFF31632;@ADC
006438;@D063004FADCFF31622;@ADC
006440;@D064504FADCFF31622;@ADC
006448;@D070004FADCFF31622;@ADC
006450;@D071504FADCFF31622;@ADC
006458;@D073004FADCFF31612;@ADC
006460;@D074504FADCFF31612;@ADC
006468;@D080004FADCFF31612;@ADC
006470;@D081504FADCFF31612;@ADC
006478;@D083004FADCFF31612;@ADC
006480;@D084504FADCFF31602;@ADC
006488;@D090004FADCFF31602;@ADC
006490;@D091504FADCFF31602;@ADC
006498;@D093004FADCFF315F2;@ADC
0064A0;@D094504FADCFF315F2;@ADC
0064A8;@D100004FADCFF315F2;@ADC
0064B0;@D101504FADCFF315E2;@ADC
0064B8;@D103004FADCFF315E2;@ADC
0064C0;@D104504FADCFF315E2;@ADC
0064C8;@D110004FADCFF315E2;@ADC
0064D0;@D111504FADCFF315D2;@ADC
0064D8;@D113004FADCFF315D2;@ADC
0064E0;@D114504FADCFF315D2;@ADC
0064E8;@D120004FADCFF315D2;@ADC
0064F0;@D121504FADCFF315E2;@ADC
0064F8;@D123004FADCFF315E2;@ADC
006500;@D124504FADCFF315E2;@ADC
006508;@D130004FADCFF315E2;@ADC
006510;@D131504FADCFF315E2;@ADC
006518;@D133004FADCFF315E2;@ADC
006520;@D134504FADCFF315E2;@ADC
006528;@D140004FADCFF315E2;@ADC
006530;@D141504FADCFF315E2;@ADC
006538;@D143004FADCFF315E2;@ADC
006540;@D144504FADCFF315E2;@ADC
006548;@D150004FADCFF315F2;@ADC
006550;@D151504FADCFF315F2;@ADC
006558;@D153004FADCFF315F2;@ADC
006560;@D154504FADCFF315F2;@ADC
006568;@D160004FADCFF315F2;@ADC
006570;@D161504FADCFF31602;@ADC
006578;@D163004FADCFF31602;@ADC
006580;@D164504FADCFF31602;@ADC
006588;@D170004FADCFF31602;@ADC
006590;@D171504FADCFF31602;@ADC
006598;@D173004FADCFF31602;@ADC
0065A0;@D174504FADCFF31612;@ADC
0065A8;@D180004FADCFF31602;@ADC
0065B0;@D181504FADCFF315F2;@ADC
0065B8;@D183004FADCFF315D2;@ADC
0065C0;@D184504FADCFF315C2;@ADC
0065C8;@D190004FADCFF315D2;@ADC
0065D0;@D191504FADCFF315D2;@ADC
0065D8;@D193004FADCFF315D2;@ADC
0065E0;@D194504FADCFF315D2;@ADC
0065E8;@D200004FADCFF315E2;@ADC
0065F0;@D201504FADCFF315E2;@ADC
0065F8;@D203004FADCFF315E2;@ADC
006600;@D204504FADCFF315F2;@ADC
006608;@D210004FADCFF315F2;@ADC
006610;@D211504FADCFF31602;@ADC
006618;@D213004FADCFF31602;@ADC
006620;@D214504FADCFF31612;@ADC
006628;@D220004FADCFF31612;@ADC
006630;@D221504FADCFF31612;@ADC
006638;@D223004FADCFF31612;@ADC
006640;@D224504FADCFF31622;@ADC
006648;@D230004FADCFF31622;@ADC
006650;@D231504FADCFF31622;@ADC
006658;@D233004FADCFF31622;@ADC
006660;@D234504FADCFF31632;@ADC
006668;@DD2022060700000004;@
006670;@D000004FADCFF31632;@ADC
006678;@D001504FADCFF31632;@ADC
006680;@D003004FADCFF31632;@ADC
006688;@D004504FADCFF31632;@ADC
006690;@D010004FADCFF31642;@ADC
006698;@D011504FADCFF31642;@ADC
0066A0;@D013004FADCFF31642;@ADC
0066A8;@D014504FADCFF31642;@ADC
0066B0;@D020004FADCFF31642;@ADC
0066B8;@D021504FADCFF31642;@ADC
0066C0;@D023004FADCFF31642;@ADC
0066C8;@D024504FADCFF31642;@ADC
0066D0;@D030004FADCFF31642;@ADC
0066D8;@D031504FADCFF31642;@ADC
0066E0;@D033004FADCFF31642;@ADC
0066E8;@D034504FADCFF31642;@ADC
0066F0;@D040004FADCFF31642;@ADC
0066F8;@D041504FADCFF31642;@ADC
006700;@D043004FADCFF31642;@ADC
006708;@D044504FADCFF31642;@ADC
006710;@D050004FADCFF31642;@ADC
006718;@D051504FADCFF31642;@ADC
006720;@D053004FADCFF31642;@ADC
006728;@D054504FADCFF31642;@ADC
006730;@D060004FADCFF31642;@ADC
006738;@D061504FADCFF31642;@ADC
006740;@D063004FADCFF31632;@ADC
006748;@D064504FADCFF31632;@ADC
006750;@D070004FADCFF31632;@ADC
006758;@D071504FADCFF31632;@ADC
006760;@D073004FADCFF31632;@ADC
006768;@D074504FADCFF31632;@ADC
006770;@D080004FADCFF31622;@ADC
006778;@D081504FADCFF31622;@ADC
006780;@D083004FADCFF31622;@ADC
006788;@D084504FADCFF31612;@ADC
006790;@D090004FADCFF31612;@ADC
006798;@D091504FADCFF31612;@ADC
0067A0;@D093004FADCFF31602;@ADC
0067A8;@D094504FADCFF31602;@ADC
0067B0;@D100004FADCFF31602;@ADC
0067B8;@D101504FADCFF315F2;@ADC
0067C0;@D103004FADCFF315F2;@ADC
0067C8;@D104504FADCFF315F2;@ADC
0067D0;@D110004FADCFF315E2;@ADC
0067D8;@D111504FADCFF315E2;@ADC
0067E0;@D113004FADCFF315E2;@ADC
0067E8;@D114504FADCFF315E2;@ADC
0067F0;@D120004FADCFF315E2;@ADC
0067F8;@D121504FADCFF315E2;@ADC
006800;@D123004FADCFF315E2;@ADC
006808;@D124504FADCFF315E2;@ADC
006810;@D130004FADCFF315E2;@ADC
006818;@D131504FADCFF315E2;@ADC
006820;@D133004FADCFF315E2;@ADC
006828;@D134504FADCFF315E2;@ADC
006830;@D140004FADCFF315E2;@ADC
006838;@D141504FADCFF315E2;@ADC
006840;@D143004FADCFF315F2;@ADC
006848;@D144504FADCFF315F2;@ADC
006850;@D150004FADCFF315F2;@ADC
006858;@D151504FADCFF315F2;@ADC
006860;@D153004FADCFF315F2;@ADC
006868;@D154504FADCFF31602;@ADC
006870;@D160004FADCFF31602;@ADC
006878;@D161504FADCFF31602;@ADC
006880;@D163004FADCFF31602;@ADC
006888;@D164504FADCFF31602;@ADC
006890;@D170004FADCFF31602;@ADC
006898;@D171504FADCFF31602;@ADC
0068A0;@D173004FADCFF31612;@ADC
0068A8;@D174504FADCFF31612;@ADC
0068B0;@D180004FADCFF31612;@ADC
0068B8;@D181504FADCFF31612;@ADC
0068C0;@D183004FADCFF31622;@ADC
0068C8;@D184504FADCFF31612;@ADC
0068D0;@D190004FADCFF31622;@ADC
0068D8;@D191504FADCFF31622;@ADC
0068E0;@D193004FADCFF31622;@ADC
0068E8;@D194504FADCFF31622;@ADC
0068F0;@D200004FADCFF31622;@ADC
0068F8;@D201504FADCFF31622;@ADC
006900;@D203004FADCFF315F2;@ADC
006908;@D204504FADCFF315C2;@ADC
006910;@D210004FADCFF315A2;@ADC
006918;@D211504FADCFF31582;@ADC
006920;@D213004FADCFF31562;@ADC
006928;@D214504FADCFF31552;@ADC
006930;@D220004FADCFF31542;@ADC
006938;@D221504FADCFF31522;@ADC
006940;@D223004FADCFF31532;@ADC
006948;@D224504FADCFF31522;@ADC
006950;@D230004FADCFF31522;@ADC
006958;@D231504FADCFF31522;@ADC
006960;@D233004FADCFF31532;@ADC
006968;@D234504FADCFF31522;@ADC
006970;@DD2022060800000004;@
006978;@D000004FADCFF31532;@ADC
006980;@D001504FADCFF31532;@ADC
006988;@D003004FADCFF31532;@ADC
006990;@D004504FADCFF31532;@ADC
006998;@D010004FADCFF31532;@ADC
0069A0;@D011504FADCFF31532;@ADC
0069A8;@D013004FADCFF31542;@ADC
0069B0;@D014504FADCFF31542;@ADC
0069B8;@D020004FADCFF31542;@ADC
0069C0;@D021504FADCFF31542;@ADC
0069C8;@D023004FADCFF31542;@ADC
0069D0;@D024504FADCFF31542;@ADC
0069D8;@D030004FADCFF31552;@ADC
0069E0;@D031504FADCFF31552;@ADC
0069E8;@D033004FADCFF31562;@ADC
0069F0;@D034504FADCFF31562;@ADC
0069F8;@D040004FADCFF31562;@ADC
006A00;@D041504FADCFF31572;@ADC
006A08;@D043004FADCFF31572;@ADC
006A10;@D044504FADCFF31572;@ADC
006A18;@D050004FADCFF31572;@ADC
006A20;@D051504FADCFF31572;@ADC
006A28;@D053004FADCFF31572;@ADC
006A30;@D054504FADCFF31572;@ADC
006A38;@D060004FADCFF31572;@ADC
006A40;@D061504FADCFF31572;@ADC
006A48;@D063004FADCFF31572;@ADC
006A50;@D064504FADCFF31572;@ADC
006A58;@D070004FADCFF31572;@ADC
006A60;@D071504FADCFF31582;@ADC
006A68;@D073004FADCFF31582;@ADC
006A70;@D074504FADCFF31582;@ADC
006A78;@D080004FADCFF31582;@ADC
006A80;@D081504FADCFF31582;@ADC
006A88;@D083004FADCFF31582;@ADC
006A90;@D084504FADCFF31582;@ADC
006A98;@D090004FADCFF31582;@ADC
006AA0;@D091504FADCFF31592;@ADC
006AA8;@D093004FADCFF31582;@ADC
006AB0;@D094504FADCFF31582;@ADC
006AB8;@D100004FADCFF31582;@ADC
006AC0;@D101504FADCFF31592;@ADC
006AC8;@D103004FADCFF31582;@ADC
006AD0;@D104504FADCFF31582;@ADC
006AD8;@D110004FADCFF31582;@ADC
006AE0;@D111504FADCFF31592;@ADC
006AE8;@D113004FADCFF31592;@ADC
006AF0;@D114504FADCFF31592;@ADC
006AF8;@D120004FADCFF31592;@ADC
006B00;@D121504FADCFF31592;@ADC
006B08;@D123004FADCFF31592;@ADC
006B10;@D124504FADCFF31582;@ADC
006B18;@D130004FADCFF31582;@ADC
006B20;@D131504FADCFF31582;@ADC
006B28;@D133004FADCFF31582;@ADC
006B30;@D134504FADCFF31592;@ADC
006B38;@D140004FADCFF31592;@ADC
006B40;@D141504FADCFF31592;@ADC
006B48;@D143004FADCFF31592;@ADC
006B50;@D144504FADCFF31592;@ADC
006B58;@D150004FADCFF31592;@ADC
006B60;@D151504FADCFF31592;@ADC
006B68;@D153004FADCFF31592;@ADC
006B70;@D154504FADCFF31592;@ADC
006B78;@D160004FADCFF31592;@ADC
006B80;@D161504FADCFF31592;@ADC
006B88;@D163004FADCFF31582;@ADC
006B90;@D164504FADCFF31582;@ADC
006B98;@D170004FADCFF31592;@ADC
006BA0;@D171504FADCFF31582;@ADC
006BA8;@D173004FADCFF31582;@ADC
006BB0;@D174504FADCFF31582;@ADC
006BB8;@D180004FADCFF31582;@ADC
006BC0;@D181504FADCFF31572;@ADC
006BC8;@D183004FADCFF31582;@ADC
006BD0;@D184504FADCFF31572;@ADC
006BD8;@D190004FADCFF31572;@ADC
006BE0;@D191504FADCFF31572;@ADC
006BE8;@D193004FADCFF31572;@ADC
006BF0;@D194504FADCFF31572;@ADC
006BF8;@D200004FADCFF31582;@ADC
006C00;@D201504FADCFF31572;@ADC
006C08;@D203004FADCFF31572;@ADC
006C10;@D204504FADCFF31572;@ADC
006C18;@D210004FADCFF31572;@ADC
006C20;@D211504FADCFF31572;@ADC
006C28;@D213004FADCFF31572;@ADC
006C30;@D214504FADCFF31572;@ADC
006C38;@D220004FADCFF31572;@ADC
006C40;@D221504FADCFF31572;@ADC
006C48;@D223004FADCFF31572;@ADC
006C50;@D224504FADCFF31572;@ADC
006C58;@D230004FADCFF31572;@ADC
006C60;@D231504FADCFF31572;@ADC
006C68;@D233004FADCFF31572;@ADC
006C70;@D234504FADCFF31582;@ADC
@E=$006C80;D;2022/06/09,00:00:00+04;@006C80
@D000004FADCFF31582@D001504FADCFF31582@D003004FADCFF31582@D004504FADCFF31582@D010004FADCFF31582@D011504FADCFF31582@D013004FADCFF31582@D014504FADCFF31582@D020004FADCFF31582@D021504FADCFF31582@D023004FADCFF31592@D024504FADCFF31582@D030004FADCFF31592@D031504FADCFF31592@D033004FADCFF31592@D034504FADCFF31592@D040004FADCFF31592@D041504FADCFF31592@D043004FADCFF31582@D044504FADCFF31592@D050004FADCFF31592@D051504FADCFF31582@D053004FADCFF31592@D054504FADCFF31592@D060004FADCFF31592@D061504FADCFF31592@D063004FADCFF31592@D064504FADCFF31592@D070004FADCFF31592@D071504FADCFF31592@D073004FADCFF31592@D074504FADCFF315A2@D080004FADCFF31592@D081504FADCFF31592@D083004FADCFF31592@D084504FADCFF31592@D090004FADCFF31592@D091504FADCFF31592@D093004FADCFF31592@D094504FADCFF31592@D100004FADCFF31592@D101504FADCFF31592@D103004FADCFF31592@D104504FADCFF31592@D110004FADCFF31592@D111504FADCFF31592@D113004FADCFF31592@D114504FADCFF315A2@D120004FADCFF31592@D121504FADCFF31592@D123004FADCFF31592@D124504FADCFF315A2@D130004FADCFF31592@D131504FADCFF315A2@D133004FADCFF31592@D134504FADCFF31592@D140004FADCFF31592@D141504FADCFF31592@D143004FADCFF31592@D144504FADCFF31592@D150004FADCFF31592@D151504FADCFF31592@D153004FADCFF31592@D154504FADCFF31592@D160004FADCFF31592@D161504FADCFF31592@D163004FADCFF31582@D164504FADCFF31582@D170004FADCFF31582@D171504FADCFF31582@D173004FADCFF31582@D174504FADCFF31582@D180004FADCFF31572@D181504FADCFF31582@D183004FADCFF31582@D184504FADCFF31582@D190004FADCFF31582@D191504FADCFF31572@D193004FADCFF31582@D194504FADCFF31572@D200004FADCFF31572@D201504FADCFF31572@D203004FADCFF31582@D204504FADCFF31572@D210004FADCFF31582@D211504FADCFF31582@D213004FADCFF31582@D214504FADCFF31582@D220004FADCFF31582@D221504FADCFF31582@D223004FADCFF31582@D224504FADCFF31582@D230004FADCFF31582@D231504FADCFF31582@D233004FADCFF31592@D234504FADCFF31582@DD2022061000000004@D000004FADCFF31582@D001504FADCFF31592@D003004FADCFF31592@D004504FADCFF31582@D010004FADCFF31582@D011504FADCFF31592@D013004FADCFF31592@D014504FADCFF31592@D020004FADCFF31592@D021504FADCFF315A2@D023004FADCFF315A2@D024504FADCFF31592@D030004FADCFF31592@D031504FADCFF31592@D033004FADCFF31592@D034504FADCFF31592@D040004FADCFF31592@D041504FADCFF31592@D043004FADCFF31592@D044504FADCFF31592@D050004FADCFF315A2@D051504FADCFF315A2@D053004FADCFF31592@D054504FADCFF31592@D060004FADCFF315A2@D061504FADCFF31592@D063004FADCFF31592@D064504FADCFF31592@D070004FADCFF31592@D071504FADCFF31592@D073004FADCFF31592@D074504FADCFF31582@D080004FADCFF31582@D081504FADCFF31582@D083004FADCFF31582@D084504FADCFF31582@D090004FADCFF31582@D091504FADCFF31582@D093004FADCFF31572@D094504FADCFF31572@D100004FADCFF31572@D101504FADCFF31572@D103004FADCFF31572@D104504FADCFF31562@D110004FADCFF31562@D111504FADCFF31562@D113004FADCFF31562@D114504FADCFF31562@D120004FADCFF31562@D121504FADCFF31572@D123004FADCFF31562@D124504FADCFF31572@D130004FADCFF31572@D131504FADCFF31572@D133004FADCFF31572@D134504FADCFF31572@D140004FADCFF31572@D141504FADCFF31572@D143004FADCFF31572@D144504FADCFF31582@D150004FADCFF31582@D151504FADCFF31582@D153004FADCFF31582@D154504FADCFF31582@D160004FADCFF31592@D161504FADCFF31592@D163004FADCFF31592@D164504FADCFF31592@D170004FADCFF315A2@D171504FADCFF31592@D173004FADCFF315A2@D174504FADCFF315A2@D180004FADCFF315A2@D181504FADCFF315A2@D183004FADCFF315A2@D184504FADCFF315A2@D190004FADCFF315A2@D191504FADCFF315A2@D193004FADCFF315A2@D194504FADCFF315A2@D200004FADCFF315A2@D201504FADCFF315A2@D203004FADCFF315A2@D204504FADCFF31592@D210004FADCFF315A2@D211504FADCFF31592@D213004FADCFF31592@D214504FADCFF31592@D220004FADCFF31592@D221504FADCFF31592@D223004FADCFF31592@D224504FADCFF315A2@D230004FADCFF315A2@D231504FADCFF31592@D233004FADCFF31592@D234504FADCFF315A2@DD2022061100000004@D000004FADCFF315A2@D001504FADCFF315A2@D003004FADCFF315A2@D004504FADCFF315A2@D010004FADCFF315B2@D011504FADCFF315A2@D013004FADCFF315A2@D014504FADCFF315A2@D020004FADCFF315B2@D021504FADCFF315B2@D023004FADCFF315B2@D024504FADCFF315B2@D030004FADCFF315B2@D031504FADCFF315B2@D033004FADCFF315B2@D034504FADCFF315B2@D040004FADCFF315B2@D041504FADCFF315B2@D043004FADCFF315B2@D044504FADCFF315B2@D050004FADCFF315B2@D051504FADCFF315B2@D053004FADCFF315B2@D054504FADCFF315C2@D060004FADCFF315C2@D061504FADCFF315C2@D063004FADCFF315C2@D064504FADCFF315C2@D070004FADCFF315C2@D071504FADCFF315C2@D073004FADCFF315C2@D074504FADCFF315C2@D080004FADCFF315C2@D081504FADCFF315C2@D083004FADCFF315C2@D084504FADCFF315C2@D090004FADCFF315B2@D091504FADCFF315B2@D093004FADCFF315B2@D094504FADCFF315B2@D100004FADCFF315B2@D101504FADCFF315B2@D103004FADCFF315B2@D104504FADCFF315A2@D110004FADCFF315A2@D111504FADCFF315A2@D113004FADCFF315A2@D114504FADCFF315A2@D120004FADCFF31592@D121504FADCFF315A2@D123004FADCFF31592@D124504FADCFF31592@D130004FADCFF31592@D131504FADCFF31592@D133004FADCFF31592@D134504FADCFF31592@D140004FADCFF31592@D141504FADCFF31592@D143004FADCFF31592@D144504FADCFF31592@D150004FADCFF31582@D151504FADCFF31592@D153004FADCFF31592@D154504FADCFF31592@D160004FADCFF31592@D161504FADCFF31592@D163004FADCFF31592@D164504FADCFF31592@D170004FADCFF31592@D171504FADCFF31592@D173004FADCFF31592@D174504FADCFF31592@D180004FADCFF31592@D181504FADCFF31592@D183004FADCFF31592@D184504FADCFF315A2@D190004FADCFF315A2@D191504FADCFF315A2@D193004FADCFF315A2@D194504FADCFF315A2@D200004FADCFF315A2@D201504FADCFF315B2@D203004FADCFF315B2@D204504FADCFF315A2@D210004FADCFF315A2@D211504FADCFF315A2@D213004FADCFF315A2@D214504FADCFF315A2@D220004FADCFF315A2@D221504FADCFF315A2@D223004FADCFF315A2@D224504FADCFF315A2@D230004FADCFF315A2@D231504FADCFF315A2@D233004FADCFF315A2@D234504FADCFF315A2@DD2022061200000004@D000004FADCFF315A2@D001504FADCFF31592@D003004FADCFF315A2@D004504FADCFF315A2@D010004FADCFF315A2@D011504FADCFF315A2@D013004FADCFF315A2@D014504FADCFF31592@D020004FADCFF31592@D021504FADCFF31592@D023004FADCFF31592@D024504FADCFF31592@D030004FADCFF31592@D031504FADCFF31592@D033004FADCFF315A2@D034504FADCFF31592@D040004FADCFF315A2@D041504FADCFF315A2@D043004FADCFF315A2@D044504FADCFF315A2@D050004FADCFF315A2@D051504FADCFF315A2@D053004FADCFF315A2@D054504FADCFF315A2@D060004FADCFF315A2@D061504FADCFF315A2@D063004FADCFF315A2@D064504FADCFF315A2@D070004FADCFF315A2@D071504FADCFF315A2@D073004FADCFF315A2@D074504FADCFF315A2@D080004FADCFF315A2@D081504FADCFF31592@D083004FADCFF31592@D084504FADCFF31592@D090004FADCFF31592@D091504FADCFF31592@D093004FADCFF31592@D094504FADCFF31582@D100004FADCFF31592@D101504FADCFF31582@D103004FADCFF31582@D104504FADCFF31582@D110004FADCFF31582@D111504FADCFF31582@D113004FADCFF31572@D114504FADCFF31572@D120004FADCFF31572@D121504FADCFF31572@D123004FADCFF31572@D124504FADCFF31572@D130004FADCFF31572@D131504FADCFF31572@D133004FADCFF31572@D134504FADCFF31572@D140004FADCFF31572@D141504FADCFF31572@D143004FADCFF31572@D144504FADCFF31582@D150004FADCFF31582@D151504FADCFF31582@D153004FADCFF31582@D154504FADCFF31582@D160004FADCFF31582@D161504FADCFF31592@D163004FADCFF31592@D164504FADCFF31582@D170004FADCFF31582@D171504FADCFF31592@D173004FADCFF31582@D174504FADCFF31592@D180004FADCFF31592@D181504FADCFF31592@D183004FADCFF31592@D184504FADCFF31592@D190004FADCFF31592@D191504FADCFF31592@D193004FADCFF315A2@D194504FADCFF315A2@D200004FADCFF315A2@D201504FADCFF315A2@D203004FADCFF315A2@D204504FADCFF315A2@D210004FADCFF31592@D211504FADCFF31592@D213004FADCFF31592@D214504FADCFF31592@D220004FADCFF31592@D221504FADCFF31592@D223004FADCFF31582@D224504FADCFF31582@D230004FADCFF31582@D231504FADCFF31582@D233004FADCFF31582@D234504FADCFF31582@DD2022061300000004@D000004FADCFF31582@D001504FADCFF31582@D003004FADCFF31582@D004504FADCFF31582@D010004FADCFF31572@D011504FADCFF31582@D013004FADCFF31582@D014504FADCFF31582@D020004FADCFF31592@D021504FADCFF31592@D023004FADCFF31592@D024504FADCFF31592@D030004FADCFF31592@D031504FADCFF31592@D033004FADCFF31592@D034504FADCFF31592@D040004FADCFF315A2@D041504FADCFF315A2@D043004FADCFF315A2@D044504FADCFF31592@D050004FADCFF315A2@D051504FADCFF315A2@D053004FADCFF315A2@D054504FADCFF315A2@D060004FADCFF315A2@D061504FADCFF315A2@D063004FADCFF315A2@D064504FADCFF315A2@D070004FADCFF315A2@D071504FADCFF315A2@D073004FADCFF315A2@D074504FADCFF315A2@D080004FADCFF315A2@D081504FADCFF315A2@D083004FADCFF315A2@D084504FADCFF315A2@D090004FADCFF315B2@D091504FADCFF315A2@D093004FADCFF315A2@D094504FADCFF315A2@D100004FADCFF315A2@D101504FADCFF315A2@D103004FADCFF315A2@D104504FADCFF315A2@D110004FADCFF315A2@D111504FADCFF315A2@D113004FADCFF315A2@D114504FADCFF315B2@D120004FADCFF315B2@D121504FADCFF315B2@D123004FADCFF315B2@D124504FADCFF315B2@D130004FADCFF315B2@D131504FADCFF315A2@D133004FADCFF315A2@D134504FADCFF315A2@D140004FADCFF315A2@D141504FADCFF315A2@D143004FADCFF315A2@D144504FADCFF315A2@D150004FADCFF315A2@D151504FADCFF315A2@D153004FADCFF315A2@D154504FADCFF315A2@D160004FADCFF315A2@D161504FADCFF315A2@D163004FADCFF315A2@D164504FADCFF31592@D170004FADCFF315A2@D171504FADCFF31592@D173004FADCFF31592@D174504FADCFF315A2@D180004FADCFF31592@D181504FADCFF31592@D183004FADCFF315A2@D184504FADCFF31592@D190004FADCFF31592@D191504FADCFF315A2@D193004FADCFF315A2@D194504FADCFF315A2@D200004FADCFF315A2@D201504FADCFF315A2@D203004FADCFF315A2@D204504FADCFF31592@D210004FADCFF31592@D211504FADCFF31592@D213004FADCFF31592@D214504FADCFF31592@D220004FADCFF31592@D221504FADCFF31592@D223004FADCFF31592@D224504FADCFF31592@D230004FADCFF315A2@D231504FADCFF315A2@D233004FADCFF315A2@D234504FADCFF315A2@DD2022061400000004@D000004FADCFF315A2@D001504FADCFF315A2@D003004FADCFF315A2@D004504FADCFF315A2@D010004FADCFF315A2@D011504FADCFF315A2@D013004FADCFF315A2@D014504FADCFF315A2@D020004FADCFF315A2@D021504FADCFF315A2@D023004FADCFF315B2@D024504FADCFF315B2@D030004FADCFF315B2@D031504FADCFF315B2@D033004FADCFF315B2@D034504FADCFF315C2@D040004FADCFF315B2@D041504FADCFF315C2@D043004FADCFF315B2@D044504FADCFF315B2@D050004FADCFF315B2@D051504FADCFF315C2@D053004FADCFF315C2@D054504FADCFF315C2@D060004FADCFF315C2@D061504FADCFF315C2@D063004FADCFF315C2@D064504FADCFF315C2@D070004FADCFF315C2@D071504FADCFF315D2@D073004FADCFF315C2@D074504FADCFF315C2@D080004FADCFF315C2@D081504FADCFF315D2@D083004FADCFF315D2@D084504FADCFF315D2@D090004FADCFF315C2@D091504FADCFF315D2@D093004FADCFF315D2@D094504FADCFF315C2@D100004FADCFF315C2@D101504FADCFF315C2@D103004FADCFF315D2@D104504FADCFF315D2@D110004FADCFF315C2@D111504FADCFF315D2@D113004FADCFF315C2@D114504FADCFF315D2@D120004FADCFF315D2@D121504FADCFF315C2@D123004FADCFF315D2@D124504FADCFF315C2@D130004FADCFF315C2@D131504FADCFF315B2@D133004FADCFF315B2@D134504FADCFF315B2@D140004FADCFF315A2@D141504FADCFF315A2@D143004FADCFF31592@D144504FADCFF31592@D150004FADCFF31592@D151504FADCFF31582@D153004FADCFF31592@D154504FADCFF31582@D160004FADCFF31582@D161504FADCFF31582@D163004FADCFF31572@D164504FADCFF31572@D170004FADCFF31572@D171504FADCFF31572@D173004FADCFF31572@D174504FADCFF31572@D180004FADCFF31572@D181504FADCFF31562@D183004FADCFF31562@D184504FADCFF31562@D190004FADCFF31562@D191504FADCFF31562@D193004FADCFF31562@D194504FADCFF31562@D200004FADCFF31562@D201504FADCFF31562@D203004FADCFF31562@D204504FADCFF31562@D210004FADCFF31562@D211504FADCFF31562@D213004FADCFF31562@D214504FADCFF31562@D220004FADCFF31552@D221504FADCFF31552@D223004FADCFF31552@D224504FADCFF31562@D230004FADCFF31552@D231504FADCFF31562@D233004FADCFF31562@D234504FADCFF31572@E=$007EB0;D;2022/06/15,00:00:00+04;@006C80
006C80;@D000004FADCFF31582;@ADC
006C88;@D001504FADCFF31582;@ADC
006C90;@D003004FADCFF31582;@ADC
006C98;@D004504FADCFF31582;@ADC
006CA0;@D010004FADCFF31582;@ADC
006CA8;@D011504FADCFF31582;@ADC
006CB0;@D013004FADCFF31582;@ADC
006CB8;@D014504FADCFF31582;@ADC
006CC0;@D020004FADCFF31582;@ADC
006CC8;@D021504FADCFF31582;@ADC
006CD0;@D023004FADCFF31592;@ADC
006CD8;@D024504FADCFF31582;@ADC
006CE0;@D030004FADCFF31592;@ADC
006CE8;@D031504FADCFF31592;@ADC
006CF0;@D033004FADCFF31592;@ADC
006CF8;@D034504FADCFF31592;@ADC
006D00;@D040004FADCFF31592;@ADC
006D08;@D041504FADCFF31592;@ADC
006D10;@D043004FADCFF31582;@ADC
006D18;@D044504FADCFF31592;@ADC
006D20;@D050004FADCFF31592;@ADC
006D28;@D051504FADCFF31582;@ADC
006D30;@D053004FADCFF31592;@ADC
006D38;@D054504FADCFF31592;@ADC
006D40;@D060004FADCFF31592;@ADC
006D48;@D061504FADCFF31592;@ADC
006D50;@D063004FADCFF31592;@ADC
006D58;@D064504FADCFF31592;@ADC
006D60;@D070004FADCFF31592;@ADC
006D68;@D071504FADCFF31592;@ADC
006D70;@D073004FADCFF31592;@ADC
006D78;@D074504FADCFF315A2;@ADC
006D80;@D080004FADCFF31592;@ADC
006D88;@D081504FADCFF31592;@ADC
006D90;@D083004FADCFF31592;@ADC
006D98;@D084504FADCFF31592;@ADC
006DA0;@D090004FADCFF31592;@ADC
006DA8;@D091504FADCFF31592;@ADC
006DB0;@D093004FADCFF31592;@ADC
006DB8;@D094504FADCFF31592;@ADC
006DC0;@D100004FADCFF31592;@ADC
006DC8;@D101504FADCFF31592;@ADC
006DD0;@D103004FADCFF31592;@ADC
006DD8;@D104504FADCFF31592;@ADC
006DE0;@D110004FADCFF31592;@ADC
006DE8;@D111504FADCFF31592;@ADC
006DF0;@D113004FADCFF31592;@ADC
006DF8;@D114504FADCFF315A2;@ADC
006E00;@D120004FADCFF31592;@ADC
006E08;@D121504FADCFF31592;@ADC
006E10;@D123004FADCFF31592;@ADC
006E18;@D124504FADCFF315A2;@ADC
006E20;@D130004FADCFF31592;@ADC
006E28;@D131504FADCFF315A2;@ADC
006E30;@D133004FADCFF31592;@ADC
006E38;@D134504FADCFF31592;@ADC
006E40;@D140004FADCFF31592;@ADC
006E48;@D141504FADCFF31592;@ADC
006E50;@D143004FADCFF31592;@ADC
006E58;@D144504FADCFF31592;@ADC
006E60;@D150004FADCFF31592;@ADC
006E68;@D151504FADCFF31592;@ADC
006E70;@D153004FADCFF31592;@ADC
006E78;@D154504FADCFF31592;@ADC
006E80;@D160004FADCFF31592;@ADC
006E88;@D161504FADCFF31592;@ADC
006E90;@D163004FADCFF31582;@ADC
006E98;@D164504FADCFF31582;@ADC
006EA0;@D170004FADCFF31582;@ADC
006EA8;@D171504FADCFF31582;@ADC
006EB0;@D173004FADCFF31582;@ADC
006EB8;@D174504FADCFF31582;@ADC
006EC0;@D180004FADCFF31572;@ADC
006EC8;@D181504FADCFF31582;@ADC
006ED0;@D183004FADCFF31582;@ADC
006ED8;@D184504FADCFF31582;@ADC
006EE0;@D190004FADCFF31582;@ADC
006EE8;@D191504FADCFF31572;@ADC
006EF0;@D193004FADCFF31582;@ADC
006EF8;@D194504FADCFF31572;@ADC
006F00;@D200004FADCFF31572;@ADC
006F08;@D201504FADCFF31572;@ADC
006F10;@D203004FADCFF31582;@ADC
006F18;@D204504FADCFF31572;@ADC
006F20;@D210004FADCFF31582;@ADC
006F28;@D211504FADCFF31582;@ADC
006F30;@D213004FADCFF31582;@ADC
006F38;@D214504FADCFF31582;@ADC
006F40;@D220004FADCFF31582;@ADC
006F48;@D221504FADCFF31582;@ADC
006F50;@D223004FADCFF31582;@ADC
006F58;@D224504FADCFF31582;@ADC
006F60;@D230004FADCFF31582;@ADC
006F68;@D231504FADCFF31582;@ADC
006F70;@D233004FADCFF31592;@ADC
006F78;@D234504FADCFF31582;@ADC
006F80;@DD2022061000000004;@
006F88;@D000004FADCFF31582;@ADC
006F90;@D001504FADCFF31592;@ADC
006F98;@D003004FADCFF31592;@ADC
006FA0;@D004504FADCFF31582;@ADC
006FA8;@D010004FADCFF31582;@ADC
006FB0;@D011504FADCFF31592;@ADC
006FB8;@D013004FADCFF31592;@ADC
006FC0;@D014504FADCFF31592;@ADC
006FC8;@D020004FADCFF31592;@ADC
006FD0;@D021504FADCFF315A2;@ADC
006FD8;@D023004FADCFF315A2;@ADC
006FE0;@D024504FADCFF31592;@ADC
006FE8;@D030004FADCFF31592;@ADC
006FF0;@D031504FADCFF31592;@ADC
006FF8;@D033004FADCFF31592;@ADC
007000;@D034504FADCFF31592;@ADC
007008;@D040004FADCFF31592;@ADC
007010;@D041504FADCFF31592;@ADC
007018;@D043004FADCFF31592;@ADC
007020;@D044504FADCFF31592;@ADC
007028;@D050004FADCFF315A2;@ADC
007030;@D051504FADCFF315A2;@ADC
007038;@D053004FADCFF31592;@ADC
007040;@D054504FADCFF31592;@ADC
007048;@D060004FADCFF315A2;@ADC
007050;@D061504FADCFF31592;@ADC
007058;@D063004FADCFF31592;@ADC
007060;@D064504FADCFF31592;@ADC
007068;@D070004FADCFF31592;@ADC
007070;@D071504FADCFF31592;@ADC
007078;@D073004FADCFF31592;@ADC
007080;@D074504FADCFF31582;@ADC
007088;@D080004FADCFF31582;@ADC
007090;@D081504FADCFF31582;@ADC
007098;@D083004FADCFF31582;@ADC
0070A0;@D084504FADCFF31582;@ADC
0070A8;@D090004FADCFF31582;@ADC
0070B0;@D091504FADCFF31582;@ADC
0070B8;@D093004FADCFF31572;@ADC
0070C0;@D094504FADCFF31572;@ADC
0070C8;@D100004FADCFF31572;@ADC
0070D0;@D101504FADCFF31572;@ADC
0070D8;@D103004FADCFF31572;@ADC
0070E0;@D104504FADCFF31562;@ADC
0070E8;@D110004FADCFF31562;@ADC
0070F0;@D111504FADCFF31562;@ADC
0070F8;@D113004FADCFF31562;@ADC
007100;@D114504FADCFF31562;@ADC
007108;@D120004FADCFF31562;@ADC
007110;@D121504FADCFF31572;@ADC
007118;@D123004FADCFF31562;@ADC
007120;@D124504FADCFF31572;@ADC
007128;@D130004FADCFF31572;@ADC
007130;@D131504FADCFF31572;@ADC
007138;@D133004FADCFF31572;@ADC
007140;@D134504FADCFF31572;@ADC
007148;@D140004FADCFF31572;@ADC
007150;@D141504FADCFF31572;@ADC
007158;@D143004FADCFF31572;@ADC
007160;@D144504FADCFF31582;@ADC
007168;@D150004FADCFF31582;@ADC
007170;@D151504FADCFF31582;@ADC
007178;@D153004FADCFF31582;@ADC
007180;@D154504FADCFF31582;@ADC
007188;@D160004FADCFF31592;@ADC
007190;@D161504FADCFF31592;@ADC
007198;@D163004FADCFF31592;@ADC
0071A0;@D164504FADCFF31592;@ADC
0071A8;@D170004FADCFF315A2;@ADC
0071B0;@D171504FADCFF31592;@ADC
0071B8;@D173004FADCFF315A2;@ADC
0071C0;@D174504FADCFF315A2;@ADC
0071C8;@D180004FADCFF315A2;@ADC
0071D0;@D181504FADCFF315A2;@ADC
0071D8;@D183004FADCFF315A2;@ADC
0071E0;@D184504FADCFF315A2;@ADC
0071E8;@D190004FADCFF315A2;@ADC
0071F0;@D191504FADCFF315A2;@ADC
0071F8;@D193004FADCFF315A2;@ADC
007200;@D194504FADCFF315A2;@ADC
007208;@D200004FADCFF315A2;@ADC
007210;@D201504FADCFF315A2;@ADC
007218;@D203004FADCFF315A2;@ADC
007220;@D204504FADCFF31592;@ADC
007228;@D210004FADCFF315A2;@ADC
007230;@D211504FADCFF31592;@ADC
007238;@D213004FADCFF31592;@ADC
007240;@D214504FADCFF31592;@ADC
007248;@D220004FADCFF31592;@ADC
007250;@D221504FADCFF31592;@ADC
007258;@D223004FADCFF31592;@ADC
007260;@D224504FADCFF315A2;@ADC
007268;@D230004FADCFF315A2;@ADC
007270;@D231504FADCFF31592;@ADC
007278;@D233004FADCFF31592;@ADC
007280;@D234504FADCFF315A2;@ADC
007288;@DD2022061100000004;@
007290;@D000004FADCFF315A2;@ADC
007298;@D001504FADCFF315A2;@ADC
0072A0;@D003004FADCFF315A2;@ADC
0072A8;@D004504FADCFF315A2;@ADC
0072B0;@D010004FADCFF315B2;@ADC
0072B8;@D011504FADCFF315A2;@ADC
0072C0;@D013004FADCFF315A2;@ADC
0072C8;@D014504FADCFF315A2;@ADC
0072D0;@D020004FADCFF315B2;@ADC
0072D8;@D021504FADCFF315B2;@ADC
0072E0;@D023004FADCFF315B2;@ADC
0072E8;@D024504FADCFF315B2;@ADC
0072F0;@D030004FADCFF315B2;@ADC
0072F8;@D031504FADCFF315B2;@ADC
007300;@D033004FADCFF315B2;@ADC
007308;@D034504FADCFF315B2;@ADC
007310;@D040004FADCFF315B2;@ADC
007318;@D041504FADCFF315B2;@ADC
007320;@D043004FADCFF315B2;@ADC
007328;@D044504FADCFF315B2;@ADC
007330;@D050004FADCFF315B2;@ADC
007338;@D051504FADCFF315B2;@ADC
007340;@D053004FADCFF315B2;@ADC
007348;@D054504FADCFF315C2;@ADC
007350;@D060004FADCFF315C2;@ADC
007358;@D061504FADCFF315C2;@ADC
007360;@D063004FADCFF315C2;@ADC
007368;@D064504FADCFF315C2;@ADC
007370;@D070004FADCFF315C2;@ADC
007378;@D071504FADCFF315C2;@ADC
007380;@D073004FADCFF315C2;@ADC
007388;@D074504FADCFF315C2;@ADC
007390;@D080004FADCFF315C2;@ADC
007398;@D081504FADCFF315C2;@ADC
0073A0;@D083004FADCFF315C2;@ADC
0073A8;@D084504FADCFF315C2;@ADC
0073B0;@D090004FADCFF315B2;@ADC
0073B8;@D091504FADCFF315B2;@ADC
0073C0;@D093004FADCFF315B2;@ADC
0073C8;@D094504FADCFF315B2;@ADC
0073D0;@D100004FADCFF315B2;@ADC
0073D8;@D101504FADCFF315B2;@ADC
0073E0;@D103004FADCFF315B2;@ADC
0073E8;@D104504FADCFF315A2;@ADC
0073F0;@D110004FADCFF315A2;@ADC
0073F8;@D111504FADCFF315A2;@ADC
007400;@D113004FADCFF315A2;@ADC
007408;@D114504FADCFF315A2;@ADC
007410;@D120004FADCFF31592;@ADC
007418;@D121504FADCFF315A2;@ADC
007420;@D123004FADCFF31592;@ADC
007428;@D124504FADCFF31592;@ADC
007430;@D130004FADCFF31592;@ADC
007438;@D131504FADCFF31592;@ADC
007440;@D133004FADCFF31592;@ADC
007448;@D134504FADCFF31592;@ADC
007450;@D140004FADCFF31592;@ADC
007458;@D141504FADCFF31592;@ADC
007460;@D143004FADCFF31592;@ADC
007468;@D144504FADCFF31592;@ADC
007470;@D150004FADCFF31582;@ADC
007478;@D151504FADCFF31592;@ADC
007480;@D153004FADCFF31592;@ADC
007488;@D154504FADCFF31592;@ADC
007490;@D160004FADCFF31592;@ADC
007498;@D161504FADCFF31592;@ADC
0074A0;@D163004FADCFF31592;@ADC
0074A8;@D164504FADCFF31592;@ADC
0074B0;@D170004FADCFF31592;@ADC
0074B8;@D171504FADCFF31592;@ADC
0074C0;@D173004FADCFF31592;@ADC
0074C8;@D174504FADCFF31592;@ADC
0074D0;@D180004FADCFF31592;@ADC
0074D8;@D181504FADCFF31592;@ADC
0074E0;@D183004FADCFF31592;@ADC
0074E8;@D184504FADCFF315A2;@ADC
0074F0;@D190004FADCFF315A2;@ADC
0074F8;@D191504FADCFF315A2;@ADC
007500;@D193004FADCFF315A2;@ADC
007508;@D194504FADCFF315A2;@ADC
007510;@D200004FADCFF315A2;@ADC
007518;@D201504FADCFF315B2;@ADC
007520;@D203004FADCFF315B2;@ADC
007528;@D204504FADCFF315A2;@ADC
007530;@D210004FADCFF315A2;@ADC
007538;@D211504FADCFF315A2;@ADC
007540;@D213004FADCFF315A2;@ADC
007548;@D214504FADCFF315A2;@ADC
007550;@D220004FADCFF315A2;@ADC
007558;@D221504FADCFF315A2;@ADC
007560;@D223004FADCFF315A2;@ADC
007568;@D224504FADCFF315A2;@ADC
007570;@D230004FADCFF315A2;@ADC
007578;@D231504FADCFF315A2;@ADC
007580;@D233004FADCFF315A2;@ADC
007588;@D234504FADCFF315A2;@ADC
007590;@DD2022061200000004;@
007598;@D000004FADCFF315A2;@ADC
0075A0;@D001504FADCFF31592;@ADC
0075A8;@D003004FADCFF315A2;@ADC
0075B0;@D004504FADCFF315A2;@ADC
0075B8;@D010004FADCFF315A2;@ADC
0075C0;@D011504FADCFF315A2;@ADC
0075C8;@D013004FADCFF315A2;@ADC
0075D0;@D014504FADCFF31592;@ADC
0075D8;@D020004FADCFF31592;@ADC
0075E0;@D021504FADCFF31592;@ADC
0075E8;@D023004FADCFF31592;@ADC
0075F0;@D024504FADCFF31592;@ADC
0075F8;@D030004FADCFF31592;@ADC
007600;@D031504FADCFF31592;@ADC
007608;@D033004FADCFF315A2;@ADC
007610;@D034504FADCFF31592;@ADC
007618;@D040004FADCFF315A2;@ADC
007620;@D041504FADCFF315A2;@ADC
007628;@D043004FADCFF315A2;@ADC
007630;@D044504FADCFF315A2;@ADC
007638;@D050004FADCFF315A2;@ADC
007640;@D051504FADCFF315A2;@ADC
007648;@D053004FADCFF315A2;@ADC
007650;@D054504FADCFF315A2;@ADC
007658;@D060004FADCFF315A2;@ADC
007660;@D061504FADCFF315A2;@ADC
007668;@D063004FADCFF315A2;@ADC
007670;@D064504FADCFF315A2;@ADC
007678;@D070004FADCFF315A2;@ADC
007680;@D071504FADCFF315A2;@ADC
007688;@D073004FADCFF315A2;@ADC
007690;@D074504FADCFF315A2;@ADC
007698;@D080004FADCFF315A2;@ADC
0076A0;@D081504FADCFF31592;@ADC
0076A8;@D083004FADCFF31592;@ADC
0076B0;@D084504FADCFF31592;@ADC
0076B8;@D090004FADCFF31592;@ADC
0076C0;@D091504FADCFF31592;@ADC
0076C8;@D093004FADCFF31592;@ADC
0076D0;@D094504FADCFF31582;@ADC
0076D8;@D100004FADCFF31592;@ADC
0076E0;@D101504FADCFF31582;@ADC
0076E8;@D103004FADCFF31582;@ADC
0076F0;@D104504FADCFF31582;@ADC
0076F8;@D110004FADCFF31582;@ADC
007700;@D111504FADCFF31582;@ADC
007708;@D113004FADCFF31572;@ADC
007710;@D114504FADCFF31572;@ADC
007718;@D120004FADCFF31572;@ADC
007720;@D121504FADCFF31572;@ADC
007728;@D123004FADCFF31572;@ADC
007730;@D124504FADCFF31572;@ADC
007738;@D130004FADCFF31572;@ADC
007740;@D131504FADCFF31572;@ADC
007748;@D133004FADCFF31572;@ADC
007750;@D134504FADCFF31572;@ADC
007758;@D140004FADCFF31572;@ADC
007760;@D141504FADCFF31572;@ADC
007768;@D143004FADCFF31572;@ADC
007770;@D144504FADCFF31582;@ADC
007778;@D150004FADCFF31582;@ADC
007780;@D151504FADCFF31582;@ADC
007788;@D153004FADCFF31582;@ADC
007790;@D154504FADCFF31582;@ADC
007798;@D160004FADCFF31582;@ADC
0077A0;@D161504FADCFF31592;@ADC
0077A8;@D163004FADCFF31592;@ADC
0077B0;@D164504FADCFF31582;@ADC
0077B8;@D170004FADCFF31582;@ADC
0077C0;@D171504FADCFF31592;@ADC
0077C8;@D173004FADCFF31582;@ADC
0077D0;@D174504FADCFF31592;@ADC
0077D8;@D180004FADCFF31592;@ADC
0077E0;@D181504FADCFF31592;@ADC
0077E8;@D183004FADCFF31592;@ADC
0077F0;@D184504FADCFF31592;@ADC
0077F8;@D190004FADCFF31592;@ADC
007800;@D191504FADCFF31592;@ADC
007808;@D193004FADCFF315A2;@ADC
007810;@D194504FADCFF315A2;@ADC
007818;@D200004FADCFF315A2;@ADC
007820;@D201504FADCFF315A2;@ADC
007828;@D203004FADCFF315A2;@ADC
007830;@D204504FADCFF315A2;@ADC
007838;@D210004FADCFF31592;@ADC
007840;@D211504FADCFF31592;@ADC
007848;@D213004FADCFF31592;@ADC
007850;@D214504FADCFF31592;@ADC
007858;@D220004FADCFF31592;@ADC
007860;@D221504FADCFF31592;@ADC
007868;@D223004FADCFF31582;@ADC
007870;@D224504FADCFF31582;@ADC
007878;@D230004FADCFF31582;@ADC
007880;@D231504FADCFF31582;@ADC
007888;@D233004FADCFF31582;@ADC
007890;@D234504FADCFF31582;@ADC
007898;@DD2022061300000004;@
0078A0;@D000004FADCFF31582;@ADC
0078A8;@D001504FADCFF31582;@ADC
0078B0;@D003004FADCFF31582;@ADC
0078B8;@D004504FADCFF31582;@ADC
0078C0;@D010004FADCFF31572;@ADC
0078C8;@D011504FADCFF31582;@ADC
0078D0;@D013004FADCFF31582;@ADC
0078D8;@D014504FADCFF31582;@ADC
0078E0;@D020004FADCFF31592;@ADC
0078E8;@D021504FADCFF31592;@ADC
0078F0;@D023004FADCFF31592;@ADC
0078F8;@D024504FADCFF31592;@ADC
007900;@D030004FADCFF31592;@ADC
007908;@D031504FADCFF31592;@ADC
007910;@D033004FADCFF31592;@ADC
007918;@D034504FADCFF31592;@ADC
007920;@D040004FADCFF315A2;@ADC
007928;@D041504FADCFF315A2;@ADC
007930;@D043004FADCFF315A2;@ADC
007938;@D044504FADCFF31592;@ADC
007940;@D050004FADCFF315A2;@ADC
007948;@D051504FADCFF315A2;@ADC
007950;@D053004FADCFF315A2;@ADC
007958;@D054504FADCFF315A2;@ADC
007960;@D060004FADCFF315A2;@ADC
007968;@D061504FADCFF315A2;@ADC
007970;@D063004FADCFF315A2;@ADC
007978;@D064504FADCFF315A2;@ADC
007980;@D070004FADCFF315A2;@ADC
007988;@D071504FADCFF315A2;@ADC
007990;@D073004FADCFF315A2;@ADC
007998;@D074504FADCFF315A2;@ADC
0079A0;@D080004FADCFF315A2;@ADC
0079A8;@D081504FADCFF315A2;@ADC
0079B0;@D083004FADCFF315A2;@ADC
0079B8;@D084504FADCFF315A2;@ADC
0079C0;@D090004FADCFF315B2;@ADC
0079C8;@D091504FADCFF315A2;@ADC
0079D0;@D093004FADCFF315A2;@ADC
0079D8;@D094504FADCFF315A2;@ADC
0079E0;@D100004FADCFF315A2;@ADC
0079E8;@D101504FADCFF315A2;@ADC
0079F0;@D103004FADCFF315A2;@ADC
0079F8;@D104504FADCFF315A2;@ADC
007A00;@D110004FADCFF315A2;@ADC
007A08;@D111504FADCFF315A2;@ADC
007A10;@D113004FADCFF315A2;@ADC
007A18;@D114504FADCFF315B2;@ADC
007A20;@D120004FADCFF315B2;@ADC
007A28;@D121504FADCFF315B2;@ADC
007A30;@D123004FADCFF315B2;@ADC
007A38;@D124504FADCFF315B2;@ADC
007A40;@D130004FADCFF315B2;@ADC
007A48;@D131504FADCFF315A2;@ADC
007A50;@D133004FADCFF315A2;@ADC
007A58;@D134504FADCFF315A2;@ADC
007A60;@D140004FADCFF315A2;@ADC
007A68;@D141504FADCFF315A2;@ADC
007A70;@D143004FADCFF315A2;@ADC
007A78;@D144504FADCFF315A2;@ADC
007A80;@D150004FADCFF315A2;@ADC
007A88;@D151504FADCFF315A2;@ADC
007A90;@D153004FADCFF315A2;@ADC
007A98;@D154504FADCFF315A2;@ADC
007AA0;@D160004FADCFF315A2;@ADC
007AA8;@D161504FADCFF315A2;@ADC
007AB0;@D163004FADCFF315A2;@ADC
007AB8;@D164504FADCFF31592;@ADC
007AC0;@D170004FADCFF315A2;@ADC
007AC8;@D171504FADCFF31592;@ADC
007AD0;@D173004FADCFF31592;@ADC
007AD8;@D174504FADCFF315A2;@ADC
007AE0;@D180004FADCFF31592;@ADC
007AE8;@D181504FADCFF31592;@ADC
007AF0;@D183004FADCFF315A2;@ADC
007AF8;@D184504FADCFF31592;@ADC
007B00;@D190004FADCFF31592;@ADC
007B08;@D191504FADCFF315A2;@ADC
007B10;@D193004FADCFF315A2;@ADC
007B18;@D194504FADCFF315A2;@ADC
007B20;@D200004FADCFF315A2;@ADC
007B28;@D201504FADCFF315A2;@ADC
007B30;@D203004FADCFF315A2;@ADC
007B38;@D204504FADCFF31592;@ADC
007B40;@D210004FADCFF31592;@ADC
007B48;@D211504FADCFF31592;@ADC
007B50;@D213004FADCFF31592;@ADC
007B58;@D214504FADCFF31592;@ADC
007B60;@D220004FADCFF31592;@ADC
007B68;@D221504FADCFF31592;@ADC
007B70;@D223004FADCFF31592;@ADC
007B78;@D224504FADCFF31592;@ADC
007B80;@D230004FADCFF315A2;@ADC
007B88;@D231504FADCFF315A2;@ADC
007B90;@D233004FADCFF315A2;@ADC
007B98;@D234504FADCFF315A2;@ADC
007BA0;@DD2022061400000004;@
007BA8;@D000004FADCFF315A2;@ADC
007BB0;@D001504FADCFF315A2;@ADC
007BB8;@D003004FADCFF315A2;@ADC
007BC0;@D004504FADCFF315A2;@ADC
007BC8;@D010004FADCFF315A2;@ADC
007BD0;@D011504FADCFF315A2;@ADC
007BD8;@D013004FADCFF315A2;@ADC
007BE0;@D014504FADCFF315A2;@ADC
007BE8;@D020004FADCFF315A2;@ADC
007BF0;@D021504FADCFF315A2;@ADC
007BF8;@D023004FADCFF315B2;@ADC
007C00;@D024504FADCFF315B2;@ADC
007C08;@D030004FADCFF315B2;@ADC
007C10;@D031504FADCFF315B2;@ADC
007C18;@D033004FADCFF315B2;@ADC
007C20;@D034504FADCFF315C2;@ADC
007C28;@D040004FADCFF315B2;@ADC
007C30;@D041504FADCFF315C2;@ADC
007C38;@D043004FADCFF315B2;@ADC
007C40;@D044504FADCFF315B2;@ADC
007C48;@D050004FADCFF315B2;@ADC
007C50;@D051504FADCFF315C2;@ADC
007C58;@D053004FADCFF315C2;@ADC
007C60;@D054504FADCFF315C2;@ADC
007C68;@D060004FADCFF315C2;@ADC
007C70;@D061504FADCFF315C2;@ADC
007C78;@D063004FADCFF315C2;@ADC
007C80;@D064504FADCFF315C2;@ADC
007C88;@D070004FADCFF315C2;@ADC
007C90;@D071504FADCFF315D2;@ADC
007C98;@D073004FADCFF315C2;@ADC
007CA0;@D074504FADCFF315C2;@ADC
007CA8;@D080004FADCFF315C2;@ADC
007CB0;@D081504FADCFF315D2;@ADC
007CB8;@D083004FADCFF315D2;@ADC
007CC0;@D084504FADCFF315D2;@ADC
007CC8;@D090004FADCFF315C2;@ADC
007CD0;@D091504FADCFF315D2;@ADC
007CD8;@D093004FADCFF315D2;@ADC
007CE0;@D094504FADCFF315C2;@ADC
007CE8;@D100004FADCFF315C2;@ADC
007CF0;@D101504FADCFF315C2;@ADC
007CF8;@D103004FADCFF315D2;@ADC
007D00;@D104504FADCFF315D2;@ADC
007D08;@D110004FADCFF315C2;@ADC
007D10;@D111504FADCFF315D2;@ADC
007D18;@D113004FADCFF315C2;@ADC
007D20;@D114504FADCFF315D2;@ADC
007D28;@D120004FADCFF315D2;@ADC
007D30;@D121504FADCFF315C2;@ADC
007D38;@D123004FADCFF315D2;@ADC
007D40;@D124504FADCFF315C2;@ADC
007D48;@D130004FADCFF315C2;@ADC
007D50;@D131504FADCFF315B2;@ADC
007D58;@D133004FADCFF315B2;@ADC
007D60;@D134504FADCFF315B2;@ADC
007D68;@D140004FADCFF315A2;@ADC
007D70;@D141504FADCFF315A2;@ADC
007D78;@D143004FADCFF31592;@ADC
007D80;@D144504FADCFF31592;@ADC
007D88;@D150004FADCFF31592;@ADC
007D90;@D151504FADCFF31582;@ADC
007D98;@D153004FADCFF31592;@ADC
007DA0;@D154504FADCFF31582;@ADC
007DA8;@D160004FADCFF31582;@ADC
007DB0;@D161504FADCFF31582;@ADC
007DB8;@D163004FADCFF31572;@ADC
007DC0;@D164504FADCFF31572;@ADC
007DC8;@D170004FADCFF31572;@ADC
007DD0;@D171504FADCFF31572;@ADC
007DD8;@D173004FADCFF31572;@ADC
007DE0;@D174504FADCFF31572;@ADC
007DE8;@D180004FADCFF31572;@ADC
007DF0;@D181504FADCFF31562;@ADC
007DF8;@D183004FADCFF31562;@ADC
007E00;@D184504FADCFF31562;@ADC
007E08;@D190004FADCFF31562;@ADC
007E10;@D191504FADCFF31562;@ADC
007E18;@D193004FADCFF31562;@ADC
007E20;@D194504FADCFF31562;@ADC
007E28;@D200004FADCFF31562;@ADC
007E30;@D201504FADCFF31562;@ADC
007E38;@D203004FADCFF31562;@ADC
007E40;@D204504FADCFF31562;@ADC
007E48;@D210004FADCFF31562;@ADC
007E50;@D211504FADCFF31562;@ADC
007E58;@D213004FADCFF31562;@ADC
007E60;@D214504FADCFF31562;@ADC
007E68;@D220004FADCFF31552;@ADC
007E70;@D221504FADCFF31552;@ADC
007E78;@D223004FADCFF31552;@ADC
007E80;@D224504FADCFF31562;@ADC
007E88;@D230004FADCFF31552;@ADC
007E90;@D231504FADCFF31562;@ADC
007E98;@D233004FADCFF31562;@ADC
007EA0;@D234504FADCFF31572;@ADC
@E=$007EB0;D;2022/06/15,00:00:00+04;@007EB0
@D000004FADCFF31562@D001504FADCFF31572@D003004FADCFF31572@D004504FADCFF31582@D010004FADCFF31582@D011504FADCFF31582@D013004FADCFF31592@D014504FADCFF31592@D020004FADCFF31592@D021504FADCFF315A2@D023004FADCFF315A2@D024504FADCFF315A2@D030004FADCFF315A2@D031504FADCFF315A2@D033004FADCFF315A2@D034504FADCFF315B2@D040004FADCFF315B2@D041504FADCFF315B2@D043004FADCFF315B2@D044504FADCFF315B2@D050004FADCFF315B2@D051504FADCFF315B2@D053004FADCFF315C2@D054504FADCFF315C2@D060004FADCFF315D2@D061504FADCFF315C2@D063004FADCFF315C2@D064504FADCFF315C2@D070004FADCFF315C2@D071504FADCFF315C2@D073004FADCFF315C2@D074504FADCFF315C2@D080004FADCFF315D2@D081504FADCFF315C2@D083004FADCFF315D2@D084504FADCFF315D2@D090004FADCFF315D2@D091504FADCFF315D2@D093004FADCFF315C2@D094504FADCFF315C2@D100004FADCFF315C2@D101504FADCFF315C2@D103004FADCFF315C2@D104504FADCFF315C2@D110004FADCFF315C2@D111504FADCFF315C2@D113004FADCFF315C2@D114504FADCFF315D2@D120004FADCFF315D2@D121504FADCFF315D2@D123004FADCFF315C2@D124504FADCFF315C2@D130004FADCFF315D2@D131504FADCFF315C2@D133004FADCFF315C2@D134504FADCFF315C2@D140004FADCFF315D2@D141504FADCFF315C2@D143004FADCFF315D2@D144504FADCFF315C2@D150004FADCFF315C2@D151504FADCFF315C2@D153004FADCFF315C2@D154504FADCFF315C2@D160004FADCFF315B2@D161504FADCFF315B2@D163004FADCFF315B2@D164504FADCFF315B2@D170004FADCFF315B2@D171504FADCFF315B2@D173004FADCFF315B2@D174504FADCFF315A2@D180004FADCFF315A2@D181504FADCFF315A2@D183004FADCFF315A2@D184504FADCFF315A2@D190004FADCFF315A2@D191504FADCFF315A2@D193004FADCFF315A2@D194504FADCFF315A2@D200004FADCFF31592@D201504FADCFF31592@D203004FADCFF31582@D204504FADCFF31582@D210004FADCFF31572@D211504FADCFF31572@D213004FADCFF31562@D214504FADCFF31562@D220004FADCFF31562@D221504FADCFF31562@D223004FADCFF31562@D224504FADCFF31552@D230004FADCFF31562@D231504FADCFF31562@D233004FADCFF31562@D234504FADCFF31562@DD2022061600000004@D000004FADCFF31572@D001504FADCFF31572@D003004FADCFF31572@D004504FADCFF31582@D010004FADCFF31582@D011504FADCFF31582@D013004FADCFF31582@D014504FADCFF31582@D020004FADCFF31592@D021504FADCFF31592@D023004FADCFF31592@D024504FADCFF31592@D030004FADCFF315A2@D031504FADCFF315A2@D033004FADCFF315A2@D034504FADCFF315A2@D040004FADCFF315A2@D041504FADCFF315B2@D043004FADCFF315A2@D044504FADCFF315B2@D050004FADCFF315B2@D051504FADCFF315B2@D053004FADCFF315B2@D054504FADCFF315C2@D060004FADCFF315B2@D061504FADCFF315B2@D063004FADCFF315B2@D064504FADCFF315B2@D070004FADCFF315C2@D071504FADCFF315B2@D073004FADCFF315B2@D074504FADCFF315C2@D080004FADCFF315B2@D081504FADCFF315C2@D083004FADCFF315C2@D084504FADCFF315B2@D090004FADCFF315C2@D091504FADCFF315B2@D093004FADCFF315C2@D094504FADCFF315C2@D100004FADCFF315B2@D101504FADCFF315B2@D103004FADCFF315C2@D104504FADCFF315B2@D110004FADCFF315C2@D111504FADCFF315C2@D113004FADCFF315C2@D114504FADCFF315C2@D120004FADCFF315D2@D121504FADCFF315C2@D123004FADCFF315C2@D124504FADCFF315C2@D130004FADCFF315C2@D131504FADCFF315C2@D133004FADCFF315C2@D134504FADCFF315C2@D140004FADCFF315C2@D141504FADCFF315C2@D143004FADCFF315D2@D144504FADCFF315D2@D150004FADCFF315E2@D151504FADCFF315D2@D153004FADCFF315D2@D154504FADCFF315D2@D160004FADCFF315C2@D161504FADCFF315C2@D163004FADCFF315C2@D164504FADCFF315B2@D170004FADCFF315B2@D171504FADCFF315A2@D173004FADCFF315A2@D174504FADCFF31592@D180004FADCFF31592@D181504FADCFF31592@D183004FADCFF31582@D184504FADCFF31582@D190004FADCFF31582@D191504FADCFF31582@D193004FADCFF31582@D194504FADCFF31572@D200004FADCFF31572@D201504FADCFF31572@D203004FADCFF31572@D204504FADCFF31582@D210004FADCFF31592@D211504FADCFF31592@D213004FADCFF315A2@D214504FADCFF315A2@D220004FADCFF315A2@D221504FADCFF315A2@D223004FADCFF315B2@D224504FADCFF315B2@D230004FADCFF315B2@D231504FADCFF315B2@D233004FADCFF315B2@D234504FADCFF315B2@DD2022061700000004@D000004FADCFF315B2@D001504FADCFF315B2@D003004FADCFF315B2@D004504FADCFF315A2@D010004FADCFF315B2@D011504FADCFF315B2@D013004FADCFF315B2@D014504FADCFF315B2@D020004FADCFF315B2@D021504FADCFF315B2@D023004FADCFF315B2@D024504FADCFF315C2@D030004FADCFF315C2@D031504FADCFF315C2@D033004FADCFF315C2@D034504FADCFF315C2@D040004FADCFF315D2@D041504FADCFF315C2@D043004FADCFF315D2@D044504FADCFF315C2@D050004FADCFF315C2@D051504FADCFF315D2@D053004FADCFF315D2@D054504FADCFF315C2@D060004FADCFF315D2@D061504FADCFF315D2@D063004FADCFF315D2@D064504FADCFF315D2@D070004FADCFF315D2@D071504FADCFF315D2@D073004FADCFF315D2@D074504FADCFF315D2@D080004FADCFF315D2@D081504FADCFF315E2@D083004FADCFF315D2@D084504FADCFF315D2@D090004FADCFF315E2@D091504FADCFF315D2@D093004FADCFF315D2@D094504FADCFF315D2@D100004FADCFF315E2@D101504FADCFF315E2@D103004FADCFF315E2@D104504FADCFF315D2@D110004FADCFF315D2@D111504FADCFF315E2@D113004FADCFF315E2@D114504FADCFF315E2@D120004FADCFF315E2@D121504FADCFF315E2@D123004FADCFF315E2@D124504FADCFF315E2@D130004FADCFF315D2@D131504FADCFF315E2@D133004FADCFF315D2@D134504FADCFF315D2@D140004FADCFF315C2@D141504FADCFF315C2@D143004FADCFF315C2@D144504FADCFF315C2@D150004FADCFF315C2@D151504FADCFF315C2@D153004FADCFF315C2@D154504FADCFF315C2@D160004FADCFF315C2@D161504FADCFF315B2@D163004FADCFF315B2@D164504FADCFF315B2@D170004FADCFF315B2@D171504FADCFF315B2@D173004FADCFF315B2@D174504FADCFF315B2@D180004FADCFF315B2@D181504FADCFF315B2@D183004FADCFF315B2@D184504FADCFF315B2@D190004FADCFF315B2@D191504FADCFF315B2@D193004FADCFF315B2@D194504FADCFF315B2@D200004FADCFF315B2@D201504FADCFF315B2@D203004FADCFF315B2@D204504FADCFF315B2@D210004FADCFF315B2@D211504FADCFF315B2@D213004FADCFF315B2@D214504FADCFF315B2@D220004FADCFF315B2@D221504FADCFF315B2@D223004FADCFF315B2@D224504FADCFF315B2@D230004FADCFF315B2@D231504FADCFF315B2@D233004FADCFF315B2@D234504FADCFF315B2@DD2022061800000004@D000004FADCFF315B2@D001504FADCFF315A2@D003004FADCFF315A2@D004504FADCFF315B2@D010004FADCFF315A2@D011504FADCFF315B2@D013004FADCFF315B2@D014504FADCFF315B2@D020004FADCFF315B2@D021504FADCFF315B2@D023004FADCFF315B2@D024504FADCFF315C2@D030004FADCFF315C2@D031504FADCFF315C2@D033004FADCFF315C2@D034504FADCFF315C2@D040004FADCFF315C2@D041504FADCFF315D2@D043004FADCFF315D2@D044504FADCFF315D2@D050004FADCFF315D2@D051504FADCFF315D2@D053004FADCFF315D2@D054504FADCFF315E2@D060004FADCFF315E2@D061504FADCFF315D2@D063004FADCFF315D2@D064504FADCFF315E2@D070004FADCFF315E2@D071504FADCFF315E2@D073004FADCFF315E2@D074504FADCFF315E2@D080004FADCFF315E2@D081504FADCFF315E2@D083004FADCFF315E2@D084504FADCFF315E2@D090004FADCFF315E2@D091504FADCFF315E2@D093004FADCFF315E2@D094504FADCFF315E2@D100004FADCFF315F2@D101504FADCFF315E2@D103004FADCFF315E2@D104504FADCFF315E2@D110004FADCFF315F2@D111504FADCFF315F2@D113004FADCFF315E2@D114504FADCFF315E2@D120004FADCFF315E2@D121504FADCFF315E2@D123004FADCFF315F2@D124504FADCFF315E2@D130004FADCFF315E2@D131504FADCFF315E2@D133004FADCFF315E2@D134504FADCFF315E2@D140004FADCFF315E2@D141504FADCFF315E2@D143004FADCFF315D2@D144504FADCFF315D2@D150004FADCFF315E2@D151504FADCFF315D2@D153004FADCFF315E2@D154504FADCFF315D2@D160004FADCFF315D2@D161504FADCFF315D2@D163004FADCFF315E2@D164504FADCFF315E2@D170004FADCFF315E2@D171504FADCFF315E2@D173004FADCFF315D2@D174504FADCFF315E2@D180004FADCFF315E2@D181504FADCFF315E2@D183004FADCFF315D2@D184504FADCFF315E2@D190004FADCFF315E2@D191504FADCFF315D2@D193004FADCFF315E2@D194504FADCFF315D2@D200004FADCFF315D2@D201504FADCFF315D2@D203004FADCFF315D2@D204504FADCFF315D2@D210004FADCFF315C2@D211504FADCFF315C2@D213004FADCFF315C2@D214504FADCFF315B2@D220004FADCFF315B2@D221504FADCFF315B2@D223004FADCFF315B2@D224504FADCFF315B2@D230004FADCFF315A2@D231504FADCFF315A2@D233004FADCFF315A2@D234504FADCFF31592@DD2022061900000004@D000004FADCFF31592@D001504FADCFF315A2@D003004FADCFF31592@D004504FADCFF31592@D010004FADCFF31592@D011504FADCFF31592@D013004FADCFF315A2@D014504FADCFF315A2@D020004FADCFF315A2@D021504FADCFF315A2@D023004FADCFF315B2@D024504FADCFF315B2@D030004FADCFF315A2@D031504FADCFF315A2@D033004FADCFF315A2@D034504FADCFF315A2@D040004FADCFF315B2@D041504FADCFF315B2@D043004FADCFF315B2@D044504FADCFF315B2@D050004FADCFF315B2@D051504FADCFF315B2@D053004FADCFF315B2@D054504FADCFF315B2@D060004FADCFF315B2@D061504FADCFF315B2@D063004FADCFF315B2@D064504FADCFF315B2@D070004FADCFF315B2@D071504FADCFF315B2@D073004FADCFF315B2@D074504FADCFF315A2@D080004FADCFF315A2@D081504FADCFF315A2@D083004FADCFF315A2@D084504FADCFF315A2@D090004FADCFF31592@D091504FADCFF31592@D093004FADCFF31592@D094504FADCFF31592@D100004FADCFF31592@D101504FADCFF31582@D103004FADCFF31582@D104504FADCFF31582@D110004FADCFF31582@D111504FADCFF31582@D113004FADCFF31582@D114504FADCFF31582@D120004FADCFF31582@D121504FADCFF31582@D123004FADCFF31582@D124504FADCFF31582@D130004FADCFF31582@D131504FADCFF31582@D133004FADCFF31582@D134504FADCFF31582@D140004FADCFF31582@D141504FADCFF31582@D143004FADCFF31582@D144504FADCFF31582@D150004FADCFF31582@D151504FADCFF31582@D153004FADCFF31582@D154504FADCFF31582@D160004FADCFF31592@D161504FADCFF31592@D163004FADCFF31592@D164504FADCFF31592@D170004FADCFF31592@D171504FADCFF31592@D173004FADCFF315A2@D174504FADCFF315A2@D180004FADCFF315A2@D181504FADCFF315A2@D183004FADCFF315A2@D184504FADCFF315A2@D190004FADCFF315B2@D191504FADCFF315B2@D193004FADCFF315B2@D194504FADCFF315B2@D200004FADCFF315B2@D201504FADCFF315B2@D203004FADCFF315B2@D204504FADCFF315B2@D210004FADCFF315B2@D211504FADCFF315B2@D213004FADCFF315B2@D214504FADCFF315B2@D220004FADCFF315A2@D221504FADCFF315A2@D223004FADCFF315A2@D224504FADCFF315A2@D230004FADCFF315A2@D231504FADCFF31592@D233004FADCFF31592@D234504FADCFF31592@DD2022062000000004@D000004FADCFF31592@D001504FADCFF31592@D003004FADCFF31592@D004504FADCFF31592@D010004FADCFF31582@D011504FADCFF31592@D013004FADCFF31592@D014504FADCFF31592@D020004FADCFF31592@D021504FADCFF315A2@D023004FADCFF315A2@D024504FADCFF315A2@D030004FADCFF315B2@D031504FADCFF315B2@D033004FADCFF315A2@D034504FADCFF315A2@D040004FADCFF315A2@D041504FADCFF315A2@D043004FADCFF315A2@D044504FADCFF315A2@D050004FADCFF315A2@D051504FADCFF315A2@D053004FADCFF31592@D054504FADCFF31592@D060004FADCFF31592@D061504FADCFF31592@D063004FADCFF31582@D064504FADCFF31582@D070004FADCFF31582@D071504FADCFF31572@D073004FADCFF31572@D074504FADCFF31572@D080004FADCFF31562@D081504FADCFF31562@D083004FADCFF31552@D084504FADCFF31552@D090004FADCFF31542@D091504FADCFF31542@D093004FADCFF31542@D094504FADCFF31542@D100004FADCFF31532@D101504FADCFF31532@D103004FADCFF31522@D104504FADCFF31532@D110004FADCFF31522@D111504FADCFF31522@D113004FADCFF31522@D114504FADCFF31512@D120004FADCFF31512@D121504FADCFF31512@D123004FADCFF31512@D124504FADCFF31512@D130004FADCFF31512@D131504FADCFF31512@D133004FADCFF31512@D134504FADCFF31512@D140004FADCFF31522@D141504FADCFF31522@D143004FADCFF31522@D144504FADCFF31522@D150004FADCFF31532@D151504FADCFF31532@D153004FADCFF31532@D154504FADCFF31532@D160004FADCFF31542@D161504FADCFF31542@D163004FADCFF31542@D164504FADCFF31542@D170004FADCFF31542@D171504FADCFF31542@D173004FADCFF31552@D174504FADCFF31552@D180004FADCFF31552@D181504FADCFF31562@D183004FADCFF31562@D184504FADCFF31562@D190004FADCFF31572@D191504FADCFF31572@D193004FADCFF31572@D194504FADCFF31582@D200004FADCFF31582@D201504FADCFF31582@D203004FADCFF31592@D204504FADCFF31592@D210004FADCFF31592@D211504FADCFF31592@D213004FADCFF31592@D214504FADCFF31592@D220004FADCFF31592@D221504FADCFF31592@D223004FADCFF31592@D224504FADCFF31592@D230004FADCFF31582@D231504FADCFF31582@D233004FADCFF31592@D234504FADCFF31582@E=$0090E0;D;2022/06/21,00:00:00+04;@007EB0
007EB0;@D000004FADCFF31562;@ADC
007EB8;@D001504FADCFF31572;@ADC
007EC0;@D003004FADCFF31572;@ADC
007EC8;@D004504FADCFF31582;@ADC
007ED0;@D010004FADCFF31582;@ADC
007ED8;@D011504FADCFF31582;@ADC
007EE0;@D013004FADCFF31592;@ADC
007EE8;@D014504FADCFF31592;@ADC
007EF0;@D020004FADCFF31592;@ADC
007EF8;@D021504FADCFF315A2;@ADC
007F00;@D023004FADCFF315A2;@ADC
007F08;@D024504FADCFF315A2;@ADC
007F10;@D030004FADCFF315A2;@ADC
007F18;@D031504FADCFF315A2;@ADC
007F20;@D033004FADCFF315A2;@ADC
007F28;@D034504FADCFF315B2;@ADC
007F30;@D040004FADCFF315B2;@ADC
007F38;@D041504FADCFF315B2;@ADC
007F40;@D043004FADCFF315B2;@ADC
007F48;@D044504FADCFF315B2;@ADC
007F50;@D050004FADCFF315B2;@ADC
007F58;@D051504FADCFF315B2;@ADC
007F60;@D053004FADCFF315C2;@ADC
007F68;@D054504FADCFF315C2;@ADC
007F70;@D060004FADCFF315D2;@ADC
007F78;@D061504FADCFF315C2;@ADC
007F80;@D063004FADCFF315C2;@ADC
007F88;@D064504FADCFF315C2;@ADC
007F90;@D070004FADCFF315C2;@ADC
007F98;@D071504FADCFF315C2;@ADC
007FA0;@D073004FADCFF315C2;@ADC
007FA8;@D074504FADCFF315C2;@ADC
007FB0;@D080004FADCFF315D2;@ADC
007FB8;@D081504FADCFF315C2;@ADC
007FC0;@D083004FADCFF315D2;@ADC
007FC8;@D084504FADCFF315D2;@ADC
007FD0;@D090004FADCFF315D2;@ADC
007FD8;@D091504FADCFF315D2;@ADC
007FE0;@D093004FADCFF315C2;@ADC
007FE8;@D094504FADCFF315C2;@ADC
007FF0;@D100004FADCFF315C2;@ADC
007FF8;@D101504FADCFF315C2;@ADC
008000;@D103004FADCFF315C2;@ADC
008008;@D104504FADCFF315C2;@ADC
008010;@D110004FADCFF315C2;@ADC
008018;@D111504FADCFF315C2;@ADC
008020;@D113004FADCFF315C2;@ADC
008028;@D114504FADCFF315D2;@ADC
008030;@D120004FADCFF315D2;@ADC
008038;@D121504FADCFF315D2;@ADC
008040;@D123004FADCFF315C2;@ADC
008048;@D124504FADCFF315C2;@ADC
008050;@D130004FADCFF315D2;@ADC
008058;@D131504FADCFF315C2;@ADC
008060;@D133004FADCFF315C2;@ADC
008068;@D134504FADCFF315C2;@ADC
008070;@D140004FADCFF315D2;@ADC
008078;@D141504FADCFF315C2;@ADC
008080;@D143004FADCFF315D2;@ADC
008088;@D144504FADCFF315C2;@ADC
008090;@D150004FADCFF315C2;@ADC
008098;@D151504FADCFF315C2;@ADC
0080A0;@D153004FADCFF315C2;@ADC
0080A8;@D154504FADCFF315C2;@ADC
0080B0;@D160004FADCFF315B2;@ADC
0080B8;@D161504FADCFF315B2;@ADC
0080C0;@D163004FADCFF315B2;@ADC
0080C8;@D164504FADCFF315B2;@ADC
0080D0;@D170004FADCFF315B2;@ADC
0080D8;@D171504FADCFF315B2;@ADC
0080E0;@D173004FADCFF315B2;@ADC
0080E8;@D174504FADCFF315A2;@ADC
0080F0;@D180004FADCFF315A2;@ADC
0080F8;@D181504FADCFF315A2;@ADC
008100;@D183004FADCFF315A2;@ADC
008108;@D184504FADCFF315A2;@ADC
008110;@D190004FADCFF315A2;@ADC
008118;@D191504FADCFF315A2;@ADC
008120;@D193004FADCFF315A2;@ADC
008128;@D194504FADCFF315A2;@ADC
008130;@D200004FADCFF31592;@ADC
008138;@D201504FADCFF31592;@ADC
008140;@D203004FADCFF31582;@ADC
008148;@D204504FADCFF31582;@ADC
008150;@D210004FADCFF31572;@ADC
008158;@D211504FADCFF31572;@ADC
008160;@D213004FADCFF31562;@ADC
008168;@D214504FADCFF31562;@ADC
008170;@D220004FADCFF31562;@ADC
008178;@D221504FADCFF31562;@ADC
008180;@D223004FADCFF31562;@ADC
008188;@D224504FADCFF31552;@ADC
008190;@D230004FADCFF31562;@ADC
008198;@D231504FADCFF31562;@ADC
0081A0;@D233004FADCFF31562;@ADC
0081A8;@D234504FADCFF31562;@ADC
0081B0;@DD2022061600000004;@
0081B8;@D000004FADCFF31572;@ADC
0081C0;@D001504FADCFF31572;@ADC
0081C8;@D003004FADCFF31572;@ADC
0081D0;@D004504FADCFF31582;@ADC
0081D8;@D010004FADCFF31582;@ADC
0081E0;@D011504FADCFF31582;@ADC
0081E8;@D013004FADCFF31582;@ADC
0081F0;@D014504FADCFF31582;@ADC
0081F8;@D020004FADCFF31592;@ADC
008200;@D021504FADCFF31592;@ADC
008208;@D023004FADCFF31592;@ADC
008210;@D024504FADCFF31592;@ADC
008218;@D030004FADCFF315A2;@ADC
008220;@D031504FADCFF315A2;@ADC
008228;@D033004FADCFF315A2;@ADC
008230;@D034504FADCFF315A2;@ADC
008238;@D040004FADCFF315A2;@ADC
008240;@D041504FADCFF315B2;@ADC
008248;@D043004FADCFF315A2;@ADC
008250;@D044504FADCFF315B2;@ADC
008258;@D050004FADCFF315B2;@ADC
008260;@D051504FADCFF315B2;@ADC
008268;@D053004FADCFF315B2;@ADC
008270;@D054504FADCFF315C2;@ADC
008278;@D060004FADCFF315B2;@ADC
008280;@D061504FADCFF315B2;@ADC
008288;@D063004FADCFF315B2;@ADC
008290;@D064504FADCFF315B2;@ADC
008298;@D070004FADCFF315C2;@ADC
0082A0;@D071504FADCFF315B2;@ADC
0082A8;@D073004FADCFF315B2;@ADC
0082B0;@D074504FADCFF315C2;@ADC
0082B8;@D080004FADCFF315B2;@ADC
0082C0;@D081504FADCFF315C2;@ADC
0082C8;@D083004FADCFF315C2;@ADC
0082D0;@D084504FADCFF315B2;@ADC
0082D8;@D090004FADCFF315C2;@ADC
0082E0;@D091504FADCFF315B2;@ADC
0082E8;@D093004FADCFF315C2;@ADC
0082F0;@D094504FADCFF315C2;@ADC
0082F8;@D100004FADCFF315B2;@ADC
008300;@D101504FADCFF315B2;@ADC
008308;@D103004FADCFF315C2;@ADC
008310;@D104504FADCFF315B2;@ADC
008318;@D110004FADCFF315C2;@ADC
008320;@D111504FADCFF315C2;@ADC
008328;@D113004FADCFF315C2;@ADC
008330;@D114504FADCFF315C2;@ADC
008338;@D120004FADCFF315D2;@ADC
008340;@D121504FADCFF315C2;@ADC
008348;@D123004FADCFF315C2;@ADC
008350;@D124504FADCFF315C2;@ADC
008358;@D130004FADCFF315C2;@ADC
008360;@D131504FADCFF315C2;@ADC
008368;@D133004FADCFF315C2;@ADC
008370;@D134504FADCFF315C2;@ADC
008378;@D140004FADCFF315C2;@ADC
008380;@D141504FADCFF315C2;@ADC
008388;@D143004FADCFF315D2;@ADC
008390;@D144504FADCFF315D2;@ADC
008398;@D150004FADCFF315E2;@ADC
0083A0;@D151504FADCFF315D2;@ADC
0083A8;@D153004FADCFF315D2;@ADC
0083B0;@D154504FADCFF315D2;@ADC
0083B8;@D160004FADCFF315C2;@ADC
0083C0;@D161504FADCFF315C2;@ADC
0083C8;@D163004FADCFF315C2;@ADC
0083D0;@D164504FADCFF315B2;@ADC
0083D8;@D170004FADCFF315B2;@ADC
0083E0;@D171504FADCFF315A2;@ADC
0083E8;@D173004FADCFF315A2;@ADC
0083F0;@D174504FADCFF31592;@ADC
0083F8;@D180004FADCFF31592;@ADC
008400;@D181504FADCFF31592;@ADC
008408;@D183004FADCFF31582;@ADC
008410;@D184504FADCFF31582;@ADC
008418;@D190004FADCFF31582;@ADC
008420;@D191504FADCFF31582;@ADC
008428;@D193004FADCFF31582;@ADC
008430;@D194504FADCFF31572;@ADC
008438;@D200004FADCFF31572;@ADC
008440;@D201504FADCFF31572;@ADC
008448;@D203004FADCFF31572;@ADC
008450;@D204504FADCFF31582;@ADC
008458;@D210004FADCFF31592;@ADC
008460;@D211504FADCFF31592;@ADC
008468;@D213004FADCFF315A2;@ADC
008470;@D214504FADCFF315A2;@ADC
008478;@D220004FADCFF315A2;@ADC
008480;@D221504FADCFF315A2;@ADC
008488;@D223004FADCFF315B2;@ADC
008490;@D224504FADCFF315B2;@ADC
008498;@D230004FADCFF315B2;@ADC
0084A0;@D231504FADCFF315B2;@ADC
0084A8;@D233004FADCFF315B2;@ADC
0084B0;@D234504FADCFF315B2;@ADC
0084B8;@DD2022061700000004;@
0084C0;@D000004FADCFF315B2;@ADC
0084C8;@D001504FADCFF315B2;@ADC
0084D0;@D003004FADCFF315B2;@ADC
0084D8;@D004504FADCFF315A2;@ADC
0084E0;@D010004FADCFF315B2;@ADC
0084E8;@D011504FADCFF315B2;@ADC
0084F0;@D013004FADCFF315B2;@ADC
0084F8;@D014504FADCFF315B2;@ADC
008500;@D020004FADCFF315B2;@ADC
008508;@D021504FADCFF315B2;@ADC
008510;@D023004FADCFF315B2;@ADC
008518;@D024504FADCFF315C2;@ADC
008520;@D030004FADCFF315C2;@ADC
008528;@D031504FADCFF315C2;@ADC
008530;@D033004FADCFF315C2;@ADC
008538;@D034504FADCFF315C2;@ADC
008540;@D040004FADCFF315D2;@ADC
008548;@D041504FADCFF315C2;@ADC
008550;@D043004FADCFF315D2;@ADC
008558;@D044504FADCFF315C2;@ADC
008560;@D050004FADCFF315C2;@ADC
008568;@D051504FADCFF315D2;@ADC
008570;@D053004FADCFF315D2;@ADC
008578;@D054504FADCFF315C2;@ADC
008580;@D060004FADCFF315D2;@ADC
008588;@D061504FADCFF315D2;@ADC
008590;@D063004FADCFF315D2;@ADC
008598;@D064504FADCFF315D2;@ADC
0085A0;@D070004FADCFF315D2;@ADC
0085A8;@D071504FADCFF315D2;@ADC
0085B0;@D073004FADCFF315D2;@ADC
0085B8;@D074504FADCFF315D2;@ADC
0085C0;@D080004FADCFF315D2;@ADC
0085C8;@D081504FADCFF315E2;@ADC
0085D0;@D083004FADCFF315D2;@ADC
0085D8;@D084504FADCFF315D2;@ADC
0085E0;@D090004FADCFF315E2;@ADC
0085E8;@D091504FADCFF315D2;@ADC
0085F0;@D093004FADCFF315D2;@ADC
0085F8;@D094504FADCFF315D2;@ADC
008600;@D100004FADCFF315E2;@ADC
008608;@D101504FADCFF315E2;@ADC
008610;@D103004FADCFF315E2;@ADC
008618;@D104504FADCFF315D2;@ADC
008620;@D110004FADCFF315D2;@ADC
008628;@D111504FADCFF315E2;@ADC
008630;@D113004FADCFF315E2;@ADC
008638;@D114504FADCFF315E2;@ADC
008640;@D120004FADCFF315E2;@ADC
008648;@D121504FADCFF315E2;@ADC
008650;@D123004FADCFF315E2;@ADC
008658;@D124504FADCFF315E2;@ADC
008660;@D130004FADCFF315D2;@ADC
008668;@D131504FADCFF315E2;@ADC
008670;@D133004FADCFF315D2;@ADC
008678;@D134504FADCFF315D2;@ADC
008680;@D140004FADCFF315C2;@ADC
008688;@D141504FADCFF315C2;@ADC
008690;@D143004FADCFF315C2;@ADC
008698;@D144504FADCFF315C2;@ADC
0086A0;@D150004FADCFF315C2;@ADC
0086A8;@D151504FADCFF315C2;@ADC
0086B0;@D153004FADCFF315C2;@ADC
0086B8;@D154504FADCFF315C2;@ADC
0086C0;@D160004FADCFF315C2;@ADC
0086C8;@D161504FADCFF315B2;@ADC
0086D0;@D163004FADCFF315B2;@ADC
0086D8;@D164504FADCFF315B2;@ADC
0086E0;@D170004FADCFF315B2;@ADC
0086E8;@D171504FADCFF315B2;@ADC
0086F0;@D173004FADCFF315B2;@ADC
0086F8;@D174504FADCFF315B2;@ADC
008700;@D180004FADCFF315B2;@ADC
008708;@D181504FADCFF315B2;@ADC
008710;@D183004FADCFF315B2;@ADC
008718;@D184504FADCFF315B2;@ADC
008720;@D190004FADCFF315B2;@ADC
008728;@D191504FADCFF315B2;@ADC
008730;@D193004FADCFF315B2;@ADC
008738;@D194504FADCFF315B2;@ADC
008740;@D200004FADCFF315B2;@ADC
008748;@D201504FADCFF315B2;@ADC
008750;@D203004FADCFF315B2;@ADC
008758;@D204504FADCFF315B2;@ADC
008760;@D210004FADCFF315B2;@ADC
008768;@D211504FADCFF315B2;@ADC
008770;@D213004FADCFF315B2;@ADC
008778;@D214504FADCFF315B2;@ADC
008780;@D220004FADCFF315B2;@ADC
008788;@D221504FADCFF315B2;@ADC
008790;@D223004FADCFF315B2;@ADC
008798;@D224504FADCFF315B2;@ADC
0087A0;@D230004FADCFF315B2;@ADC
0087A8;@D231504FADCFF315B2;@ADC
0087B0;@D233004FADCFF315B2;@ADC
0087B8;@D234504FADCFF315B2;@ADC
0087C0;@DD2022061800000004;@
0087C8;@D000004FADCFF315B2;@ADC
0087D0;@D001504FADCFF315A2;@ADC
0087D8;@D003004FADCFF315A2;@ADC
0087E0;@D004504FADCFF315B2;@ADC
0087E8;@D010004FADCFF315A2;@ADC
0087F0;@D011504FADCFF315B2;@ADC
0087F8;@D013004FADCFF315B2;@ADC
008800;@D014504FADCFF315B2;@ADC
008808;@D020004FADCFF315B2;@ADC
008810;@D021504FADCFF315B2;@ADC
008818;@D023004FADCFF315B2;@ADC
008820;@D024504FADCFF315C2;@ADC
008828;@D030004FADCFF315C2;@ADC
008830;@D031504FADCFF315C2;@ADC
008838;@D033004FADCFF315C2;@ADC
008840;@D034504FADCFF315C2;@ADC
008848;@D040004FADCFF315C2;@ADC
008850;@D041504FADCFF315D2;@ADC
008858;@D043004FADCFF315D2;@ADC
008860;@D044504FADCFF315D2;@ADC
008868;@D050004FADCFF315D2;@ADC
008870;@D051504FADCFF315D2;@ADC
008878;@D053004FADCFF315D2;@ADC
008880;@D054504FADCFF315E2;@ADC
008888;@D060004FADCFF315E2;@ADC
008890;@D061504FADCFF315D2;@ADC
008898;@D063004FADCFF315D2;@ADC
0088A0;@D064504FADCFF315E2;@ADC
0088A8;@D070004FADCFF315E2;@ADC
0088B0;@D071504FADCFF315E2;@ADC
0088B8;@D073004FADCFF315E2;@ADC
0088C0;@D074504FADCFF315E2;@ADC
0088C8;@D080004FADCFF315E2;@ADC
0088D0;@D081504FADCFF315E2;@ADC
0088D8;@D083004FADCFF315E2;@ADC
0088E0;@D084504FADCFF315E2;@ADC
0088E8;@D090004FADCFF315E2;@ADC
0088F0;@D091504FADCFF315E2;@ADC
0088F8;@D093004FADCFF315E2;@ADC
008900;@D094504FADCFF315E2;@ADC
008908;@D100004FADCFF315F2;@ADC
008910;@D101504FADCFF315E2;@ADC
008918;@D103004FADCFF315E2;@ADC
008920;@D104504FADCFF315E2;@ADC
008928;@D110004FADCFF315F2;@ADC
008930;@D111504FADCFF315F2;@ADC
008938;@D113004FADCFF315E2;@ADC
008940;@D114504FADCFF315E2;@ADC
008948;@D120004FADCFF315E2;@ADC
008950;@D121504FADCFF315E2;@ADC
008958;@D123004FADCFF315F2;@ADC
008960;@D124504FADCFF315E2;@ADC
008968;@D130004FADCFF315E2;@ADC
008970;@D131504FADCFF315E2;@ADC
008978;@D133004FADCFF315E2;@ADC
008980;@D134504FADCFF315E2;@ADC
008988;@D140004FADCFF315E2;@ADC
008990;@D141504FADCFF315E2;@ADC
008998;@D143004FADCFF315D2;@ADC
0089A0;@D144504FADCFF315D2;@ADC
0089A8;@D150004FADCFF315E2;@ADC
0089B0;@D151504FADCFF315D2;@ADC
0089B8;@D153004FADCFF315E2;@ADC
0089C0;@D154504FADCFF315D2;@ADC
0089C8;@D160004FADCFF315D2;@ADC
0089D0;@D161504FADCFF315D2;@ADC
0089D8;@D163004FADCFF315E2;@ADC
0089E0;@D164504FADCFF315E2;@ADC
0089E8;@D170004FADCFF315E2;@ADC
0089F0;@D171504FADCFF315E2;@ADC
0089F8;@D173004FADCFF315D2;@ADC
008A00;@D174504FADCFF315E2;@ADC
008A08;@D180004FADCFF315E2;@ADC
008A10;@D181504FADCFF315E2;@ADC
008A18;@D183004FADCFF315D2;@ADC
008A20;@D184504FADCFF315E2;@ADC
008A28;@D190004FADCFF315E2;@ADC
008A30;@D191504FADCFF315D2;@ADC
008A38;@D193004FADCFF315E2;@ADC
008A40;@D194504FADCFF315D2;@ADC
008A48;@D200004FADCFF315D2;@ADC
008A50;@D201504FADCFF315D2;@ADC
008A58;@D203004FADCFF315D2;@ADC
008A60;@D204504FADCFF315D2;@ADC
008A68;@D210004FADCFF315C2;@ADC
008A70;@D211504FADCFF315C2;@ADC
008A78;@D213004FADCFF315C2;@ADC
008A80;@D214504FADCFF315B2;@ADC
008A88;@D220004FADCFF315B2;@ADC
008A90;@D221504FADCFF315B2;@ADC
008A98;@D223004FADCFF315B2;@ADC
008AA0;@D224504FADCFF315B2;@ADC
008AA8;@D230004FADCFF315A2;@ADC
008AB0;@D231504FADCFF315A2;@ADC
008AB8;@D233004FADCFF315A2;@ADC
008AC0;@D234504FADCFF31592;@ADC
008AC8;@DD2022061900000004;@
008AD0;@D000004FADCFF31592;@ADC
008AD8;@D001504FADCFF315A2;@ADC
008AE0;@D003004FADCFF31592;@ADC
008AE8;@D004504FADCFF31592;@ADC
008AF0;@D010004FADCFF31592;@ADC
008AF8;@D011504FADCFF31592;@ADC
008B00;@D013004FADCFF315A2;@ADC
008B08;@D014504FADCFF315A2;@ADC
008B10;@D020004FADCFF315A2;@ADC
008B18;@D021504FADCFF315A2;@ADC
008B20;@D023004FADCFF315B2;@ADC
008B28;@D024504FADCFF315B2;@ADC
008B30;@D030004FADCFF315A2;@ADC
008B38;@D031504FADCFF315A2;@ADC
008B40;@D033004FADCFF315A2;@ADC
008B48;@D034504FADCFF315A2;@ADC
008B50;@D040004FADCFF315B2;@ADC
008B58;@D041504FADCFF315B2;@ADC
008B60;@D043004FADCFF315B2;@ADC
008B68;@D044504FADCFF315B2;@ADC
008B70;@D050004FADCFF315B2;@ADC
008B78;@D051504FADCFF315B2;@ADC
008B80;@D053004FADCFF315B2;@ADC
008B88;@D054504FADCFF315B2;@ADC
008B90;@D060004FADCFF315B2;@ADC
008B98;@D061504FADCFF315B2;@ADC
008BA0;@D063004FADCFF315B2;@ADC
008BA8;@D064504FADCFF315B2;@ADC
008BB0;@D070004FADCFF315B2;@ADC
008BB8;@D071504FADCFF315B2;@ADC
008BC0;@D073004FADCFF315B2;@ADC
008BC8;@D074504FADCFF315A2;@ADC
008BD0;@D080004FADCFF315A2;@ADC
008BD8;@D081504FADCFF315A2;@ADC
008BE0;@D083004FADCFF315A2;@ADC
008BE8;@D084504FADCFF315A2;@ADC
008BF0;@D090004FADCFF31592;@ADC
008BF8;@D091504FADCFF31592;@ADC
008C00;@D093004FADCFF31592;@ADC
008C08;@D094504FADCFF31592;@ADC
008C10;@D100004FADCFF31592;@ADC
008C18;@D101504FADCFF31582;@ADC
008C20;@D103004FADCFF31582;@ADC
008C28;@D104504FADCFF31582;@ADC
008C30;@D110004FADCFF31582;@ADC
008C38;@D111504FADCFF31582;@ADC
008C40;@D113004FADCFF31582;@ADC
008C48;@D114504FADCFF31582;@ADC
008C50;@D120004FADCFF31582;@ADC
008C58;@D121504FADCFF31582;@ADC
008C60;@D123004FADCFF31582;@ADC
008C68;@D124504FADCFF31582;@ADC
008C70;@D130004FADCFF31582;@ADC
008C78;@D131504FADCFF31582;@ADC
008C80;@D133004FADCFF31582;@ADC
008C88;@D134504FADCFF31582;@ADC
008C90;@D140004FADCFF31582;@ADC
008C98;@D141504FADCFF31582;@ADC
008CA0;@D143004FADCFF31582;@ADC
008CA8;@D144504FADCFF31582;@ADC
008CB0;@D150004FADCFF31582;@ADC
008CB8;@D151504FADCFF31582;@ADC
008CC0;@D153004FADCFF31582;@ADC
008CC8;@D154504FADCFF31582;@ADC
008CD0;@D160004FADCFF31592;@ADC
008CD8;@D161504FADCFF31592;@ADC
008CE0;@D163004FADCFF31592;@ADC
008CE8;@D164504FADCFF31592;@ADC
008CF0;@D170004FADCFF31592;@ADC
008CF8;@D171504FADCFF31592;@ADC
008D00;@D173004FADCFF315A2;@ADC
008D08;@D174504FADCFF315A2;@ADC
008D10;@D180004FADCFF315A2;@ADC
008D18;@D181504FADCFF315A2;@ADC
008D20;@D183004FADCFF315A2;@ADC
008D28;@D184504FADCFF315A2;@ADC
008D30;@D190004FADCFF315B2;@ADC
008D38;@D191504FADCFF315B2;@ADC
008D40;@D193004FADCFF315B2;@ADC
008D48;@D194504FADCFF315B2;@ADC
008D50;@D200004FADCFF315B2;@ADC
008D58;@D201504FADCFF315B2;@ADC
008D60;@D203004FADCFF315B2;@ADC
008D68;@D204504FADCFF315B2;@ADC
008D70;@D210004FADCFF315B2;@ADC
008D78;@D211504FADCFF315B2;@ADC
008D80;@D213004FADCFF315B2;@ADC
008D88;@D214504FADCFF315B2;@ADC
008D90;@D220004FADCFF315A2;@ADC
008D98;@D221504FADCFF315A2;@ADC
008DA0;@D223004FADCFF315A2;@ADC
008DA8;@D224504FADCFF315A2;@ADC
008DB0;@D230004FADCFF315A2;@ADC
008DB8;@D231504FADCFF31592;@ADC
008DC0;@D233004FADCFF31592;@ADC
008DC8;@D234504FADCFF31592;@ADC
008DD0;@DD2022062000000004;@
008DD8;@D000004FADCFF31592;@ADC
008DE0;@D001504FADCFF31592;@ADC
008DE8;@D003004FADCFF31592;@ADC
008DF0;@D004504FADCFF31592;@ADC
008DF8;@D010004FADCFF31582;@ADC
008E00;@D011504FADCFF31592;@ADC
008E08;@D013004FADCFF31592;@ADC
008E10;@D014504FADCFF31592;@ADC
008E18;@D020004FADCFF31592;@ADC
008E20;@D021504FADCFF315A2;@ADC
008E28;@D023004FADCFF315A2;@ADC
008E30;@D024504FADCFF315A2;@ADC
008E38;@D030004FADCFF315B2;@ADC
008E40;@D031504FADCFF315B2;@ADC
008E48;@D033004FADCFF315A2;@ADC
008E50;@D034504FADCFF315A2;@ADC
008E58;@D040004FADCFF315A2;@ADC
008E60;@D041504FADCFF315A2;@ADC
008E68;@D043004FADCFF315A2;@ADC
008E70;@D044504FADCFF315A2;@ADC
008E78;@D050004FADCFF315A2;@ADC
008E80;@D051504FADCFF315A2;@ADC
008E88;@D053004FADCFF31592;@ADC
008E90;@D054504FADCFF31592;@ADC
008E98;@D060004FADCFF31592;@ADC
008EA0;@D061504FADCFF31592;@ADC
008EA8;@D063004FADCFF31582;@ADC
008EB0;@D064504FADCFF31582;@ADC
008EB8;@D070004FADCFF31582;@ADC
008EC0;@D071504FADCFF31572;@ADC
008EC8;@D073004FADCFF31572;@ADC
008ED0;@D074504FADCFF31572;@ADC
008ED8;@D080004FADCFF31562;@ADC
008EE0;@D081504FADCFF31562;@ADC
008EE8;@D083004FADCFF31552;@ADC
008EF0;@D084504FADCFF31552;@ADC
008EF8;@D090004FADCFF31542;@ADC
008F00;@D091504FADCFF31542;@ADC
008F08;@D093004FADCFF31542;@ADC
008F10;@D094504FADCFF31542;@ADC
008F18;@D100004FADCFF31532;@ADC
008F20;@D101504FADCFF31532;@ADC
008F28;@D103004FADCFF31522;@ADC
008F30;@D104504FADCFF31532;@ADC
008F38;@D110004FADCFF31522;@ADC
008F40;@D111504FADCFF31522;@ADC
008F48;@D113004FADCFF31522;@ADC
008F50;@D114504FADCFF31512;@ADC
008F58;@D120004FADCFF31512;@ADC
008F60;@D121504FADCFF31512;@ADC
008F68;@D123004FADCFF31512;@ADC
008F70;@D124504FADCFF31512;@ADC
008F78;@D130004FADCFF31512;@ADC
008F80;@D131504FADCFF31512;@ADC
008F88;@D133004FADCFF31512;@ADC
008F90;@D134504FADCFF31512;@ADC
008F98;@D140004FADCFF31522;@ADC
008FA0;@D141504FADCFF31522;@ADC
008FA8;@D143004FADCFF31522;@ADC
008FB0;@D144504FADCFF31522;@ADC
008FB8;@D150004FADCFF31532;@ADC
008FC0;@D151504FADCFF31532;@ADC
008FC8;@D153004FADCFF31532;@ADC
008FD0;@D154504FADCFF31532;@ADC
008FD8;@D160004FADCFF31542;@ADC
008FE0;@D161504FADCFF31542;@ADC
008FE8;@D163004FADCFF31542;@ADC
008FF0;@D164504FADCFF31542;@ADC
008FF8;@D170004FADCFF31542;@ADC
009000;@D171504FADCFF31542;@ADC
009008;@D173004FADCFF31552;@ADC
009010;@D174504FADCFF31552;@ADC
009018;@D180004FADCFF31552;@ADC
009020;@D181504FADCFF31562;@ADC
009028;@D183004FADCFF31562;@ADC
009030;@D184504FADCFF31562;@ADC
009038;@D190004FADCFF31572;@ADC
009040;@D191504FADCFF31572;@ADC
009048;@D193004FADCFF31572;@ADC
009050;@D194504FADCFF31582;@ADC
009058;@D200004FADCFF31582;@ADC
009060;@D201504FADCFF31582;@ADC
009068;@D203004FADCFF31592;@ADC
009070;@D204504FADCFF31592;@ADC
009078;@D210004FADCFF31592;@ADC
009080;@D211504FADCFF31592;@ADC
009088;@D213004FADCFF31592;@ADC
009090;@D214504FADCFF31592;@ADC
009098;@D220004FADCFF31592;@ADC
0090A0;@D221504FADCFF31592;@ADC
0090A8;@D223004FADCFF31592;@ADC
0090B0;@D224504FADCFF31592;@ADC
0090B8;@D230004FADCFF31582;@ADC
0090C0;@D231504FADCFF31582;@ADC
0090C8;@D233004FADCFF31592;@ADC
0090D0;@D234504FADCFF31582;@ADC
@E=$0090E0;D;2022/06/21,00:00:00+04;@0090E0
@D000004FADCFF31582@D001504FADCFF31582@D003004FADCFF31592@D004504FADCFF31592@D010004FADCFF31592@D011504FADCFF31592@D013004FADCFF315A2@D014504FADCFF31592@D020004FADCFF31592@D021504FADCFF31592@D023004FADCFF31592@D024504FADCFF315A2@D030004FADCFF315A2@D031504FADCFF315A2@D033004FADCFF315A2@D034504FADCFF315A2@D040004FADCFF315A2@D041504FADCFF315A2@D043004FADCFF315B2@D044504FADCFF315B2@D050004FADCFF315B2@D051504FADCFF315B2@D053004FADCFF315B2@D054504FADCFF315B2@D060004FADCFF315B2@D061504FADCFF315B2@D063004FADCFF315B2@D064504FADCFF315B2@D070004FADCFF315B2@D071504FADCFF315B2@D073004FADCFF315B2@D074504FADCFF315B2@D080004FADCFF315B2@D081504FADCFF315B2@D083004FADCFF315B2@D084504FADCFF315A2@D090004FADCFF315A2@D091504FADCFF315A2@D093004FADCFF315A2@D094504FADCFF31592@D100004FADCFF31592@D101504FADCFF31592@D103004FADCFF31592@D104504FADCFF31582@D110004FADCFF31582@D111504FADCFF31582@D113004FADCFF31582@D114504FADCFF31582@D120004FADCFF31582@D121504FADCFF31582@D123004FADCFF31582@D124504FADCFF31582@D130004FADCFF31582@D131504FADCFF31582@D133004FADCFF31582@D134504FADCFF31592@D140004FADCFF31592@D141504FADCFF31592@D143004FADCFF31592@D144504FADCFF31592@D150004FADCFF315A2@D151504FADCFF315A2@D153004FADCFF315A2@D154504FADCFF315A2@D160004FADCFF315A2@D161504FADCFF315B2@D163004FADCFF315B2@D164504FADCFF315B2@D170004FADCFF315A2@D171504FADCFF315B2@D173004FADCFF315B2@D174504FADCFF315B2@D180004FADCFF315B2@D181504FADCFF315B2@D183004FADCFF315B2@D184504FADCFF315B2@D190004FADCFF315B2@D191504FADCFF315B2@D193004FADCFF315B2@D194504FADCFF315B2@D200004FADCFF315A2@D201504FADCFF315B2@D203004FADCFF315A2@D204504FADCFF315A2@D210004FADCFF315A2@D211504FADCFF31592@D213004FADCFF31592@D214504FADCFF31592@D220004FADCFF31592@D221504FADCFF31582@D223004FADCFF31582@D224504FADCFF31582@D230004FADCFF31582@D231504FADCFF31582@D233004FADCFF31572@D234504FADCFF31582@DD2022062200000004@D000004FADCFF31582@D001504FADCFF31572@D003004FADCFF31582@D004504FADCFF31572@D010004FADCFF31582@D011504FADCFF31582@D013004FADCFF31582@D014504FADCFF31582@D020004FADCFF31582@D021504FADCFF31592@D023004FADCFF31592@D024504FADCFF31592@D030004FADCFF31592@D031504FADCFF315A2@D033004FADCFF315A2@D034504FADCFF315A2@D040004FADCFF315A2@D041504FADCFF315A2@D043004FADCFF315A2@D044504FADCFF315A2@D050004FADCFF315B2@D051504FADCFF315B2@D053004FADCFF315A2@D054504FADCFF315A2@D060004FADCFF315A2@D061504FADCFF315A2@D063004FADCFF315B2@D064504FADCFF315B2@D070004FADCFF315B2@D071504FADCFF315B2@D073004FADCFF315B2@D074504FADCFF315B2@D080004FADCFF315B2@D081504FADCFF315A2@D083004FADCFF315B2@D084504FADCFF315A2@D090004FADCFF315A2@D091504FADCFF315A2@D093004FADCFF315B2@D094504FADCFF315B2@D100004FADCFF315A2@D101504FADCFF315B2@D103004FADCFF315B2@D104504FADCFF315B2@D110004FADCFF315B2@D111504FADCFF315B2@D113004FADCFF315B2@D114504FADCFF315B2@D120004FADCFF315B2@D121504FADCFF315B2@D123004FADCFF315B2@D124504FADCFF315B2@D130004FADCFF315B2@D131504FADCFF315B2@D133004FADCFF315C2@D134504FADCFF315B2@D140004FADCFF315B2@D141504FADCFF315C2@D143004FADCFF315D2@D144504FADCFF315D2@D150004FADCFF315D2@D151504FADCFF315C2@D153004FADCFF315C2@D154504FADCFF315C2@D160004FADCFF315C2@D161504FADCFF315B2@D163004FADCFF315B2@D164504FADCFF315B2@D170004FADCFF315B2@D171504FADCFF315C2@D173004FADCFF315C2@D174504FADCFF315C2@D180004FADCFF315C2@D181504FADCFF315D2@D183004FADCFF315B2@D184504FADCFF315B2@D190004FADCFF315B2@D191504FADCFF315A2@D193004FADCFF31592@D194504FADCFF31592@D200004FADCFF31592@D201504FADCFF31592@D203004FADCFF31592@D204504FADCFF31592@D210004FADCFF315A2@D211504FADCFF315B2@D213004FADCFF315C2@D214504FADCFF315E2@D220004FADCFF315E2@D221504FADCFF315F2@D223004FADCFF315F2@D224504FADCFF315F2@D230004FADCFF315F2@D231504FADCFF315F2@D233004FADCFF315E2@D234504FADCFF315F2@DD2022062300000004@D000004FADCFF315F2@D001504FADCFF315E2@D003004FADCFF315E2@D004504FADCFF315E2@D010004FADCFF315E2@D011504FADCFF315E2@D013004FADCFF315E2@D014504FADCFF315E2@D020004FADCFF315E2@D021504FADCFF315E2@D023004FADCFF315E2@D024504FADCFF315E2@D030004FADCFF315E2@D031504FADCFF315E2@D033004FADCFF315E2@D034504FADCFF315F2@D040004FADCFF315F2@D041504FADCFF315E2@D043004FADCFF315E2@D044504FADCFF315E2@D050004FADCFF315E2@D051504FADCFF315E2@D053004FADCFF315E2@D054504FADCFF315D2@D060004FADCFF315D2@D061504FADCFF315E2@D063004FADCFF315E2@D064504FADCFF315E2@D070004FADCFF315E2@D071504FADCFF315D2@D073004FADCFF315D2@D074504FADCFF315D2@D080004FADCFF315D2@D081504FADCFF315D2@D083004FADCFF315D2@D084504FADCFF315D2@D090004FADCFF315E2@D091504FADCFF315E2@D093004FADCFF315D2@D094504FADCFF315D2@D100004FADCFF315D2@D101504FADCFF315D2@D103004FADCFF315D2@D104504FADCFF315D2@D110004FADCFF315D2@D111504FADCFF315D2@D113004FADCFF315D2@D114504FADCFF315D2@D120004FADCFF315D2@D121504FADCFF315D2@D123004FADCFF31652@D124504FADCFF316A2@D130004FADCFF316F2@D131504FADCFF31742@D133004FADCFF31762@D134504FADCFF31762@D140004FADCFF31742@D141504FADCFF316F2@D143004FADCFF316D2@D144504FADCFF316A2@D150004FADCFF316A2@D151504FADCFF31682@D153004FADCFF31A82@E=$0098F0;?;FFFFFFFFFFFFFFFF;@0090E0
0090E0;@D000004FADCFF31582;@ADC
0090E8;@D001504FADCFF31582;@ADC
0090F0;@D003004FADCFF31592;@ADC
0090F8;@D004504FADCFF31592;@ADC
009100;@D010004FADCFF31592;@ADC
009108;@D011504FADCFF31592;@ADC
009110;@D013004FADCFF315A2;@ADC
009118;@D014504FADCFF31592;@ADC
009120;@D020004FADCFF31592;@ADC
009128;@D021504FADCFF31592;@ADC
009130;@D023004FADCFF31592;@ADC
009138;@D024504FADCFF315A2;@ADC
009140;@D030004FADCFF315A2;@ADC
009148;@D031504FADCFF315A2;@ADC
009150;@D033004FADCFF315A2;@ADC
009158;@D034504FADCFF315A2;@ADC
009160;@D040004FADCFF315A2;@ADC
009168;@D041504FADCFF315A2;@ADC
009170;@D043004FADCFF315B2;@ADC
009178;@D044504FADCFF315B2;@ADC
009180;@D050004FADCFF315B2;@ADC
009188;@D051504FADCFF315B2;@ADC
009190;@D053004FADCFF315B2;@ADC
009198;@D054504FADCFF315B2;@ADC
0091A0;@D060004FADCFF315B2;@ADC
0091A8;@D061504FADCFF315B2;@ADC
0091B0;@D063004FADCFF315B2;@ADC
0091B8;@D064504FADCFF315B2;@ADC
0091C0;@D070004FADCFF315B2;@ADC
0091C8;@D071504FADCFF315B2;@ADC
0091D0;@D073004FADCFF315B2;@ADC
0091D8;@D074504FADCFF315B2;@ADC
0091E0;@D080004FADCFF315B2;@ADC
0091E8;@D081504FADCFF315B2;@ADC
0091F0;@D083004FADCFF315B2;@ADC
0091F8;@D084504FADCFF315A2;@ADC
009200;@D090004FADCFF315A2;@ADC
009208;@D091504FADCFF315A2;@ADC
009210;@D093004FADCFF315A2;@ADC
009218;@D094504FADCFF31592;@ADC
009220;@D100004FADCFF31592;@ADC
009228;@D101504FADCFF31592;@ADC
009230;@D103004FADCFF31592;@ADC
009238;@D104504FADCFF31582;@ADC
009240;@D110004FADCFF31582;@ADC
009248;@D111504FADCFF31582;@ADC
009250;@D113004FADCFF31582;@ADC
009258;@D114504FADCFF31582;@ADC
009260;@D120004FADCFF31582;@ADC
009268;@D121504FADCFF31582;@ADC
009270;@D123004FADCFF31582;@ADC
009278;@D124504FADCFF31582;@ADC
009280;@D130004FADCFF31582;@ADC
009288;@D131504FADCFF31582;@ADC
009290;@D133004FADCFF31582;@ADC
009298;@D134504FADCFF31592;@ADC
0092A0;@D140004FADCFF31592;@ADC
0092A8;@D141504FADCFF31592;@ADC
0092B0;@D143004FADCFF31592;@ADC
0092B8;@D144504FADCFF31592;@ADC
0092C0;@D150004FADCFF315A2;@ADC
0092C8;@D151504FADCFF315A2;@ADC
0092D0;@D153004FADCFF315A2;@ADC
0092D8;@D154504FADCFF315A2;@ADC
0092E0;@D160004FADCFF315A2;@ADC
0092E8;@D161504FADCFF315B2;@ADC
0092F0;@D163004FADCFF315B2;@ADC
0092F8;@D164504FADCFF315B2;@ADC
009300;@D170004FADCFF315A2;@ADC
009308;@D171504FADCFF315B2;@ADC
009310;@D173004FADCFF315B2;@ADC
009318;@D174504FADCFF315B2;@ADC
009320;@D180004FADCFF315B2;@ADC
009328;@D181504FADCFF315B2;@ADC
009330;@D183004FADCFF315B2;@ADC
009338;@D184504FADCFF315B2;@ADC
009340;@D190004FADCFF315B2;@ADC
009348;@D191504FADCFF315B2;@ADC
009350;@D193004FADCFF315B2;@ADC
009358;@D194504FADCFF315B2;@ADC
009360;@D200004FADCFF315A2;@ADC
009368;@D201504FADCFF315B2;@ADC
009370;@D203004FADCFF315A2;@ADC
009378;@D204504FADCFF315A2;@ADC
009380;@D210004FADCFF315A2;@ADC
009388;@D211504FADCFF31592;@ADC
009390;@D213004FADCFF31592;@ADC
009398;@D214504FADCFF31592;@ADC
0093A0;@D220004FADCFF31592;@ADC
0093A8;@D221504FADCFF31582;@ADC
0093B0;@D223004FADCFF31582;@ADC
0093B8;@D224504FADCFF31582;@ADC
0093C0;@D230004FADCFF31582;@ADC
0093C8;@D231504FADCFF31582;@ADC
0093D0;@D233004FADCFF31572;@ADC
0093D8;@D234504FADCFF31582;@ADC
0093E0;@DD2022062200000004;@
0093E8;@D000004FADCFF31582;@ADC
0093F0;@D001504FADCFF31572;@ADC
0093F8;@D003004FADCFF31582;@ADC
009400;@D004504FADCFF31572;@ADC
009408;@D010004FADCFF31582;@ADC
009410;@D011504FADCFF31582;@ADC
009418;@D013004FADCFF31582;@ADC
009420;@D014504FADCFF31582;@ADC
009428;@D020004FADCFF31582;@ADC
009430;@D021504FADCFF31592;@ADC
009438;@D023004FADCFF31592;@ADC
009440;@D024504FADCFF31592;@ADC
009448;@D030004FADCFF31592;@ADC
009450;@D031504FADCFF315A2;@ADC
009458;@D033004FADCFF315A2;@ADC
009460;@D034504FADCFF315A2;@ADC
009468;@D040004FADCFF315A2;@ADC
009470;@D041504FADCFF315A2;@ADC
009478;@D043004FADCFF315A2;@ADC
009480;@D044504FADCFF315A2;@ADC
009488;@D050004FADCFF315B2;@ADC
009490;@D051504FADCFF315B2;@ADC
009498;@D053004FADCFF315A2;@ADC
0094A0;@D054504FADCFF315A2;@ADC
0094A8;@D060004FADCFF315A2;@ADC
0094B0;@D061504FADCFF315A2;@ADC
0094B8;@D063004FADCFF315B2;@ADC
0094C0;@D064504FADCFF315B2;@ADC
0094C8;@D070004FADCFF315B2;@ADC
0094D0;@D071504FADCFF315B2;@ADC
0094D8;@D073004FADCFF315B2;@ADC
0094E0;@D074504FADCFF315B2;@ADC
0094E8;@D080004FADCFF315B2;@ADC
0094F0;@D081504FADCFF315A2;@ADC
0094F8;@D083004FADCFF315B2;@ADC
009500;@D084504FADCFF315A2;@ADC
009508;@D090004FADCFF315A2;@ADC
009510;@D091504FADCFF315A2;@ADC
009518;@D093004FADCFF315B2;@ADC
009520;@D094504FADCFF315B2;@ADC
009528;@D100004FADCFF315A2;@ADC
009530;@D101504FADCFF315B2;@ADC
009538;@D103004FADCFF315B2;@ADC
009540;@D104504FADCFF315B2;@ADC
009548;@D110004FADCFF315B2;@ADC
009550;@D111504FADCFF315B2;@ADC
009558;@D113004FADCFF315B2;@ADC
009560;@D114504FADCFF315B2;@ADC
009568;@D120004FADCFF315B2;@ADC
009570;@D121504FADCFF315B2;@ADC
009578;@D123004FADCFF315B2;@ADC
009580;@D124504FADCFF315B2;@ADC
009588;@D130004FADCFF315B2;@ADC
009590;@D131504FADCFF315B2;@ADC
009598;@D133004FADCFF315C2;@ADC
0095A0;@D134504FADCFF315B2;@ADC
0095A8;@D140004FADCFF315B2;@ADC
0095B0;@D141504FADCFF315C2;@ADC
0095B8;@D143004FADCFF315D2;@ADC
0095C0;@D144504FADCFF315D2;@ADC
0095C8;@D150004FADCFF315D2;@ADC
0095D0;@D151504FADCFF315C2;@ADC
0095D8;@D153004FADCFF315C2;@ADC
0095E0;@D154504FADCFF315C2;@ADC
0095E8;@D160004FADCFF315C2;@ADC
0095F0;@D161504FADCFF315B2;@ADC
0095F8;@D163004FADCFF315B2;@ADC
009600;@D164504FADCFF315B2;@ADC
009608;@D170004FADCFF315B2;@ADC
009610;@D171504FADCFF315C2;@ADC
009618;@D173004FADCFF315C2;@ADC
009620;@D174504FADCFF315C2;@ADC
009628;@D180004FADCFF315C2;@ADC
009630;@D181504FADCFF315D2;@ADC
009638;@D183004FADCFF315B2;@ADC
009640;@D184504FADCFF315B2;@ADC
009648;@D190004FADCFF315B2;@ADC
009650;@D191504FADCFF315A2;@ADC
009658;@D193004FADCFF31592;@ADC
009660;@D194504FADCFF31592;@ADC
009668;@D200004FADCFF31592;@ADC
009670;@D201504FADCFF31592;@ADC
009678;@D203004FADCFF31592;@ADC
009680;@D204504FADCFF31592;@ADC
009688;@D210004FADCFF315A2;@ADC
009690;@D211504FADCFF315B2;@ADC
009698;@D213004FADCFF315C2;@ADC
0096A0;@D214504FADCFF315E2;@ADC
0096A8;@D220004FADCFF315E2;@ADC
0096B0;@D221504FADCFF315F2;@ADC
0096B8;@D223004FADCFF315F2;@ADC
0096C0;@D224504FADCFF315F2;@ADC
0096C8;@D230004FADCFF315F2;@ADC
0096D0;@D231504FADCFF315F2;@ADC
0096D8;@D233004FADCFF315E2;@ADC
0096E0;@D234504FADCFF315F2;@ADC
0096E8;@DD2022062300000004;@
0096F0;@D000004FADCFF315F2;@ADC
0096F8;@D001504FADCFF315E2;@ADC
009700;@D003004FADCFF315E2;@ADC
009708;@D004504FADCFF315E2;@ADC
009710;@D010004FADCFF315E2;@ADC
009718;@D011504FADCFF315E2;@ADC
009720;@D013004FADCFF315E2;@ADC
009728;@D014504FADCFF315E2;@ADC
009730;@D020004FADCFF315E2;@ADC
009738;@D021504FADCFF315E2;@ADC
009740;@D023004FADCFF315E2;@ADC
009748;@D024504FADCFF315E2;@ADC
009750;@D030004FADCFF315E2;@ADC
009758;@D031504FADCFF315E2;@ADC
009760;@D033004FADCFF315E2;@ADC
009768;@D034504FADCFF315F2;@ADC
009770;@D040004FADCFF315F2;@ADC
009778;@D041504FADCFF315E2;@ADC
009780;@D043004FADCFF315E2;@ADC
009788;@D044504FADCFF315E2;@ADC
009790;@D050004FADCFF315E2;@ADC
009798;@D051504FADCFF315E2;@ADC
0097A0;@D053004FADCFF315E2;@ADC
0097A8;@D054504FADCFF315D2;@ADC
0097B0;@D060004FADCFF315D2;@ADC
0097B8;@D061504FADCFF315E2;@ADC
0097C0;@D063004FADCFF315E2;@ADC
0097C8;@D064504FADCFF315E2;@ADC
0097D0;@D070004FADCFF315E2;@ADC
0097D8;@D071504FADCFF315D2;@ADC
0097E0;@D073004FADCFF315D2;@ADC
0097E8;@D074504FADCFF315D2;@ADC
0097F0;@D080004FADCFF315D2;@ADC
0097F8;@D081504FADCFF315D2;@ADC
009800;@D083004FADCFF315D2;@ADC
009808;@D084504FADCFF315D2;@ADC
009810;@D090004FADCFF315E2;@ADC
009818;@D091504FADCFF315E2;@ADC
009820;@D093004FADCFF315D2;@ADC
009828;@D094504FADCFF315D2;@ADC
009830;@D100004FADCFF315D2;@ADC
009838;@D101504FADCFF315D2;@ADC
009840;@D103004FADCFF315D2;@ADC
009848;@D104504FADCFF315D2;@ADC
009850;@D110004FADCFF315D2;@ADC
009858;@D111504FADCFF315D2;@ADC
009860;@D113004FADCFF315D2;@ADC
009868;@D114504FADCFF315D2;@ADC
009870;@D120004FADCFF315D2;@ADC
009878;@D121504FADCFF315D2;@ADC
009880;@D123004FADCFF31652;@ADC
009888;@D124504FADCFF316A2;@ADC
009890;@D130004FADCFF316F2;@ADC
009898;@D131504FADCFF31742;@ADC
0098A0;@D133004FADCFF31762;@ADC
0098A8;@D134504FADCFF31762;@ADC
0098B0;@D140004FADCFF31742;@ADC
0098B8;@D141504FADCFF316F2;@ADC
0098C0;@D143004FADCFF316D2;@ADC
0098C8;@D144504FADCFF316A2;@ADC
0098D0;@D150004FADCFF316A2;@ADC
0098D8;@D151504FADCFF31682;@ADC
0098E0;@D153004FADCFF31A82;@ADC
@E=$0098F0;?;FFFFFFFFFFFFFFFF;@0098F0
